# npL = 417
1.00E-02
0.0110668191970032
0.0122474487139159
0.0135540300541477
1.50E-02
0.0161185489773531
0.0173205080756888
0.018612097182042
2.00E-02
0.0221336383940064
0.0244948974278318
0.0271080601082953
3.00E-02
0.0322370979547063
0.0346410161513775
0.037224194364084
4.00E-02
0.0422948505376226
0.0447213595499958
0.0472870804501588
5.00E-02
0.0523317569696053
0.0547722557505166
0.057326567532262
6.00E-02
0.0644741959094125
0.0692820323027551
0.074448388728168
8.00E-02
0.0845897010752451
0.0894427190999916
0.0945741609003176
1.00E-01
0.104663513939211
0.109544511501033
0.114653135064524
1.20E-01
0.126884551612868
0.134164078649987
0.141861241350476
1.50E-01
0.161185489773531
0.173205080756888
0.18612097182042
2.00E-01
0.211474252688113
0.223606797749979
0.236435402250794
2.50E-01
0.261658784848026
0.273861278752583
0.28663283766131
3.00E-01
0.313990541817632
0.3286335345031
0.343959405193572
3.60E-01
0.378521057463588
0.397994974842648
0.418470774285093
4.40E-01
0.465243355913848
0.491934955049954
0.520157884951747
5.50E-01
0.584179788476757
0.620483682299543
0.659043684143684
7.00E-01
0.73481542016955
0.771362431027076
0.809727155511666
8.50E-01
0.885246450921943
0.921954445729289
0.960184589404188
1.00E+00
1.03555807634162
1.07238052947636
1.11051231821075
1.15E+00
1.18579391758151
1.22270192606375
1.26075870168834
1.30E+00
1.39017586554774
1.48660687473185
1.58972692216121
1.70E+00
1.77049290184389
1.84390889145858
1.92036917880838
2.00E+00
2.04822737816889
2.0976176963403
2.14819899728788
2.20E+00
2.31557019912153
2.43721152139079
2.56524289449462
2.70E+00
2.77206325941692
2.84604989415154
2.92201123927589
3.00E+00
3.11786963287624
3.24037034920393
3.36768410368517
3.50E+00
3.61881207770019
3.74165738677394
3.86867284053534
4.00E+00
4.11953428781424
4.24264068711928
4.36942594536591
4.50E+00
4.62010543236153
4.74341649025257
4.87001873212648
5.00E+00
5.12056844542223
5.24404424085076
5.37049749321971
5.50E+00
5.62095139242096
5.74456264653803
5.87089225580134
6.00E+00
6.12127339614809
6.2449979983984
6.37122335109903
6.50E+00
6.62154793688788
6.74536878161602
6.87150503683961
7.00E+00
7.12178479116457
7.24568837309472
7.37174760814628
7.50E+00
7.62199122231922
7.74596669241483
7.87195868506172
8.00E+00
8.12217273947572
8.24621125123532
8.37214402859269
8.50E+00
8.6223335970767
8.74642784226795
8.87230807515223
9.00E+00
9.09837526542414
9.19782583005354
9.29836344753759
9.40E+00
9.43727766460356
9.47470316157715
9.51227707718093
9.55E+00
9.5872811251795
9.62470778777205
9.6622805559241
9.70E+00
9.73728447967953
9.77471227198018
9.81228392776141
9.85E+00
9.88728773290735
9.9247166206396
9.96228719754636
1.00E+01
10.1227223442904
10.2469507659596
10.3727037479423
1.05E+01
10.6228279010852
10.7470926301023
10.8728109949141
1.10E+01
11.0742449333164
11.148990985735
11.2242415395788
1.13E+01
11.3742646752882
11.4490174250894
11.5242614570755
1.16E+01
11.6987323061443
11.7983049630021
11.8987251231393
1.20E+01
12.1230930280597
12.2474487139159
12.3730800095994
1.25E+01
12.6231675818621
12.747548783982
12.8731555646534
1.30E+01
13.1232365250876
13.2476412994918
13.3732253979038
1.35E+01
13.6233004681579
13.7477270848675
13.873290135658
1.40E+01
14.1233599360368
14.247806848775
14.3733503160271
1.45E+01
14.6234153826804
14.7478812037526
14.8734064039241
1.50E+01
15.2439824446384
15.4919333848297
15.7439173701234
1.60E+01
16.2443454789514
16.4924225024706
16.7442880571854
1.70E+01
17.2446671941534
17.4928556845359
17.7446161503045
1.80E+01
18.2449542657778
18.4932420089069
18.7449085932482
1.90E+01
19.2452120046192
19.4935886896179
19.7451708980287
2.00E+01
20.4822737816889
20.976176963403
21.4819899728788
2.20E+01
22.2458482123044
22.494443758404
22.7458173395306
2.30E+01
23.2460242993432
23.4946802489415
23.7459959987909
2.40E+01
24.2461860561195
24.4948974278318
24.7461600191988
2.50E+01
25.2463351637242
25.4950975679639
25.7463111293067
2.60E+01
26.2464730501752
26.4952825989835
26.7464507958076
2.70E+01
27.2466009363158
27.495454169735
27.746580271316
2.80E+01
28.4871391646583
28.9827534923789
29.4869904325851
3.00E+01
31.1786963287624
32.4037034920393
33.6768410368517
3.50E+01
36.1881207770019
37.4165738677394
38.6867284053534
4.00E+01
41.1953428781424
42.4264068711929
43.6942594536591
4.50E+01
46.2010543236153
47.4341649025257
48.7001873212648
5.00E+01
51.2056844542223
52.4404424085076
53.7049749321971
5.50E+01
56.2095139242096
57.4456264653803
58.7089225580134
6.00E+01
61.2127339614809
62.449979983984
63.7122335109903
6.50E+01
66.2154793688788
67.4536878161602
68.7150503683961
7.00E+01
71.2178479116457
72.4568837309472
73.7174760814628
7.50E+01
76.2199122231922
77.4596669241483
78.7195868506172
8.00E+01
81.2217273947572
82.4621125123532
83.7214402859269
8.50E+01
86.223335970767
87.4642784226795
88.7230807515223
9.00E+01
91.2247713288892
92.4662100445346
93.7245429662412
9.50E+01
96.2260600230962
97.4679434480896
98.7258544901434
1.00E+02
101.227223442904
102.469507659596
103.727037479423
1.05E+02
106.228279010852
107.470926301023
108.728109949141
1.10E+02
112.419027848419
114.891252930761
117.417845116027
1.20E+02
122.425467922962
124.899959967968
127.424467021981
1.30E+02
132.430958737758
134.90737563232
137.430100736792
1.40E+02
142.435695823291
144.913767461894
147.434952162926
1.50E+02
161.185489773531
173.205080756888
186.12097182042
2.00E+02
211.474252688113
223.606797749979
236.435402250794
2.50E+02
261.658784848026
273.861278752583
286.63283766131
3.00E+02
322.370979547063
346.410161513775
372.24194364084
4.00E+02
422.948505376226
447.213595499958
472.870804501588
5.00E+02
543.878652968639
591.607978309962
643.525900657443
7.00E+02
765.285579750365
836.660026534076
914.691219228694
1.00E+03
1106.68191970032
1224.74487139159
1355.40300541477
1.50E+03
1660.02287955048
1837.11730708738
2033.10450812215
2.25E+03
2485.41028021161
2745.45078265847
3032.69848845972
3.35E+03
3702.76462834007
4092.67638593622
4523.64697226487
5.00E+03
5514.87195241114
6082.76253029822
6709.13129430382
7.40E+03
8170.93886443587
9022.19485491197
9962.13548412345
1.10E+04
11469.1267398227
11958.2607431014
12468.255277316
1.30E+04
13692.6500840461
14422.205101856
15190.6313769275
1.60E+04
17706.9107152051
19595.9179422654
21686.4480866363
2.40E+04
26560.3660728077
29393.8769133981
32529.6721299544
3.60E+04
