wave n k
0.00012747 0.9999930744 2.349e-07
0.00012777 0.9999930436 2.3694e-07
0.00012806 0.999993012 2.3902e-07
0.00012836 0.9999929809 2.4111e-07
0.00012865 0.9999929491 2.432e-07
0.00012895 0.9999929177 2.4528e-07
0.00012925 0.9999928855 2.4739e-07
0.00012955 0.9999928538 2.4952e-07
0.00012984 0.9999928213 2.5168e-07
0.00013014 0.9999927893 2.5385e-07
0.00013044 0.9999927564 2.5604e-07
0.00013074 0.9999927242 2.5824e-07
0.00013105 0.9999926911 2.6046e-07
0.00013135 0.9999926585 2.627e-07
0.00013165 0.9999926251 2.6496e-07
0.00013195 0.9999925923 2.6723e-07
0.00013226 0.9999925586 2.6953e-07
0.00013256 0.9999925254 2.7185e-07
0.00013287 0.9999924914 2.7418e-07
0.00013317 0.999992458 2.7653e-07
0.00013348 0.9999924236 2.789e-07
0.00013379 0.9999923899 2.8129e-07
0.0001341 0.9999923553 2.8371e-07
0.00013441 0.9999923213 2.8614e-07
0.00013472 0.9999922864 2.8859e-07
0.00013503 0.9999922521 2.9106e-07
0.00013534 0.9999922169 2.9354e-07
0.00013565 0.9999921823 2.9604e-07
0.00013596 0.9999921468 2.9856e-07
0.00013628 0.9999921119 3.0111e-07
0.00013659 0.999992076 3.0368e-07
0.00013691 0.9999920409 3.0627e-07
0.00013722 0.9999920048 3.0887e-07
0.00013754 0.9999919693 3.1149e-07
0.00013785 0.9999919329 3.1413e-07
0.00013817 0.9999918972 3.1679e-07
0.00013849 0.9999918603 3.1948e-07
0.00013881 0.9999918243 3.2219e-07
0.00013913 0.9999917873 3.2492e-07
0.00013945 0.999991751 3.2766e-07
0.00013977 0.9999917136 3.3043e-07
0.00014009 0.999991677 3.3321e-07
0.00014042 0.9999916393 3.3601e-07
0.00014074 0.9999916023 3.3884e-07
0.00014107 0.9999915643 3.4169e-07
0.00014139 0.9999915272 3.4455e-07
0.00014172 0.9999914888 3.4745e-07
0.00014204 0.9999914513 3.5036e-07
0.00014237 0.9999914127 3.5329e-07
0.0001427 0.9999913749 3.5624e-07
0.00014303 0.9999913359 3.5921e-07
0.00014336 0.9999912978 3.6221e-07
0.00014369 0.9999912586 3.6522e-07
0.00014402 0.9999912201 3.6826e-07
0.00014435 0.9999911805 3.7131e-07
0.00014468 0.9999911419 3.7439e-07
0.00014502 0.9999911019 3.7749e-07
0.00014535 0.9999910629 3.8062e-07
0.00014569 0.9999910227 3.8377e-07
0.00014602 0.9999909833 3.8695e-07
0.00014636 0.9999909427 3.9015e-07
0.0001467 0.9999909031 3.9338e-07
0.00014704 0.9999908623 3.9662e-07
0.00014737 0.9999908223 3.999e-07
0.00014771 0.9999907811 4.032e-07
0.00014805 0.9999907409 4.0654e-07
0.0001484 0.9999906993 4.0989e-07
0.00014874 0.9999906588 4.1328e-07
0.00014908 0.999990617 4.167e-07
0.00014942 0.9999905761 4.2015e-07
0.00014977 0.999990534 4.2363e-07
0.00015011 0.9999904929 4.2715e-07
0.00015046 0.9999904505 4.3069e-07
0.00015081 0.999990409 4.3426e-07
0.00015115 0.9999903662 4.3787e-07
0.0001515 0.9999903246 4.4151e-07
0.00015185 0.9999902814 4.4519e-07
0.0001522 0.9999902395 4.489e-07
0.00015255 0.9999901961 4.5265e-07
0.0001529 0.9999901538 4.5645e-07
0.00015326 0.9999901101 4.6028e-07
0.00015361 0.9999900677 4.6414e-07
0.00015396 0.9999900236 4.6805e-07
0.00015432 0.999989981 4.7199e-07
0.00015468 0.999989937 4.7598e-07
0.00015503 0.999989894 4.8001e-07
0.00015539 0.999989849 4.8409e-07
0.00015575 0.999989806 4.882e-07
0.00015611 0.999989761 4.9235e-07
0.00015647 0.999989718 4.9653e-07
0.00015683 0.999989673 5.0075e-07
0.00015719 0.999989629 5.0501e-07
0.00015755 0.999989584 5.093e-07
0.00015791 0.99998954 5.1362e-07
0.00015828 0.999989495 5.1798e-07
0.00015864 0.999989451 5.2237e-07
0.00015901 0.999989405 5.2679e-07
0.00015938 0.999989361 5.3125e-07
0.00015974 0.999989316 5.3572e-07
0.00016011 0.999989271 5.4023e-07
0.00016048 0.999989226 5.4476e-07
0.00016085 0.999989181 5.4932e-07
0.00016122 0.999989135 5.5391e-07
0.00016159 0.999989091 5.5852e-07
0.00016197 0.999989045 5.6316e-07
0.00016234 0.999989001 5.6781e-07
0.00016271 0.999988955 5.7249e-07
0.00016309 0.99998891 5.7717e-07
0.00016346 0.999988865 5.8188e-07
0.00016384 0.99998882 5.8659e-07
0.00016422 0.999988775 5.9132e-07
0.0001646 0.99998873 5.9606e-07
0.00016498 0.999988685 6.0081e-07
0.00016536 0.999988641 6.0557e-07
0.00016574 0.999988596 6.1033e-07
0.00016612 0.999988552 6.151e-07
0.0001665 0.999988507 6.1987e-07
0.00016689 0.999988464 6.2465e-07
0.00016727 0.99998842 6.2943e-07
0.00016766 0.999988377 6.3422e-07
0.00016804 0.999988334 6.3903e-07
0.00016843 0.999988293 6.4384e-07
0.00016882 0.99998825 6.4865e-07
0.00016921 0.99998821 6.5348e-07
0.0001696 0.99998817 6.5832e-07
0.00016999 0.999988132 6.6319e-07
0.00017038 0.999988094 6.6808e-07
0.00017077 0.99998806 6.7299e-07
0.00017117 0.999988026 6.7792e-07
0.00017156 0.999987998 6.8287e-07
0.00017196 0.999987972 6.8784e-07
0.00017235 0.999987955 6.9284e-07
0.00017275 0.999987947 6.9786e-07
0.00017315 0.99998796 7.0292e-07
0.00017355 0.999988172 7.0801e-07
0.00017395 0.99998819 4.1436e-07
0.00017435 0.99998792 2.1308e-07
0.00017475 0.999987747 2.0592e-07
0.00017515 0.999987617 2.0766e-07
0.00017556 0.999987514 2.0941e-07
0.00017596 0.999987421 2.1118e-07
0.00017637 0.999987334 2.1297e-07
0.00017678 0.999987251 2.1478e-07
0.00017718 0.999987171 2.1661e-07
0.00017759 0.999987093 2.1845e-07
0.000178 0.999987016 2.2031e-07
0.00017841 0.999986941 2.2218e-07
0.00017882 0.999986867 2.2407e-07
0.00017923 0.999986793 2.2599e-07
0.00017965 0.999986721 2.2792e-07
0.00018006 0.999986648 2.2988e-07
0.00018048 0.999986576 2.3186e-07
0.00018089 0.999986504 2.3387e-07
0.00018131 0.999986433 2.3589e-07
0.00018173 0.999986361 2.3793e-07
0.00018215 0.99998629 2.3999e-07
0.00018257 0.999986219 2.4207e-07
0.00018299 0.999986148 2.4417e-07
0.00018341 0.999986076 2.463e-07
0.00018383 0.999986005 2.4845e-07
0.00018426 0.999985934 2.5062e-07
0.00018468 0.999985863 2.5283e-07
0.00018511 0.999985791 2.5505e-07
0.00018553 0.999985719 2.5729e-07
0.00018596 0.999985647 2.5956e-07
0.00018639 0.999985575 2.6184e-07
0.00018682 0.999985503 2.6415e-07
0.00018725 0.999985431 2.6649e-07
0.00018768 0.999985358 2.6885e-07
0.00018811 0.999985286 2.7124e-07
0.00018855 0.999985212 2.7365e-07
0.00018898 0.99998514 2.7608e-07
0.00018942 0.999985066 2.7854e-07
0.00018985 0.999984993 2.8101e-07
0.00019029 0.999984918 2.8352e-07
0.00019073 0.999984845 2.8605e-07
0.00019117 0.99998477 2.886e-07
0.00019161 0.999984696 2.9119e-07
0.00019205 0.999984621 2.938e-07
0.0001925 0.999984546 2.9643e-07
0.00019294 0.99998447 2.991e-07
0.00019338 0.999984395 3.0179e-07
0.00019383 0.999984318 3.045e-07
0.00019428 0.999984243 3.0723e-07
0.00019472 0.999984166 3.0999e-07
0.00019517 0.999984089 3.1278e-07
0.00019562 0.999984012 3.156e-07
0.00019607 0.999983935 3.1845e-07
0.00019653 0.999983856 3.2132e-07
0.00019698 0.999983779 3.2422e-07
0.00019743 0.9999837 3.2715e-07
0.00019789 0.999983622 3.3011e-07
0.00019835 0.999983542 3.331e-07
0.0001988 0.999983463 3.3612e-07
0.00019926 0.999983383 3.3916e-07
0.00019972 0.999983304 3.4223e-07
0.00020018 0.999983223 3.4532e-07
0.00020064 0.999983143 3.4844e-07
0.0002011 0.999983061 3.5159e-07
0.00020157 0.99998298 3.5478e-07
0.00020203 0.999982898 3.58e-07
0.0002025 0.999982817 3.6125e-07
0.00020297 0.999982734 3.6453e-07
0.00020343 0.999982652 3.6784e-07
0.0002039 0.999982568 3.7118e-07
0.00020437 0.999982485 3.7456e-07
0.00020484 0.999982401 3.7795e-07
0.00020532 0.999982317 3.8138e-07
0.00020579 0.999982232 3.8482e-07
0.00020626 0.999982148 3.8831e-07
0.00020674 0.999982062 3.9183e-07
0.00020722 0.999981977 3.9539e-07
0.00020769 0.99998189 3.9898e-07
0.00020817 0.999981804 4.026e-07
0.00020865 0.999981717 4.0625e-07
0.00020913 0.99998163 4.0993e-07
0.00020961 0.999981542 4.1364e-07
0.0002101 0.999981455 4.1738e-07
0.00021058 0.999981366 4.2116e-07
0.00021107 0.999981278 4.2497e-07
0.00021155 0.999981188 4.2882e-07
0.00021204 0.999981099 4.3269e-07
0.00021253 0.999981009 4.366e-07
0.00021302 0.999980919 4.4054e-07
0.00021351 0.999980828 4.4451e-07
0.000214 0.999980737 4.4852e-07
0.0002145 0.999980645 4.5256e-07
0.00021499 0.999980554 4.5665e-07
0.00021549 0.999980461 4.6077e-07
0.00021598 0.999980369 4.6492e-07
0.00021648 0.999980275 4.691e-07
0.00021698 0.999980182 4.7331e-07
0.00021748 0.999980088 4.7756e-07
0.00021798 0.999979994 4.8186e-07
0.00021848 0.999979898 4.862e-07
0.00021899 0.999979804 4.9057e-07
0.00021949 0.999979707 4.9498e-07
0.00022 0.999979612 4.9944e-07
0.00022051 0.999979514 5.0392e-07
0.00022101 0.999979418 5.0844e-07
0.00022152 0.99997932 5.13e-07
0.00022204 0.999979223 5.1759e-07
0.00022255 0.999979124 5.2223e-07
0.00022306 0.999979025 5.2692e-07
0.00022357 0.999978925 5.3165e-07
0.00022409 0.999978827 5.3642e-07
0.00022461 0.999978726 5.4123e-07
0.00022512 0.999978626 5.4607e-07
0.00022564 0.999978524 5.5096e-07
0.00022616 0.999978423 5.5588e-07
0.00022668 0.99997832 5.6085e-07
0.00022721 0.999978219 5.6586e-07
0.00022773 0.999978115 5.7093e-07
0.00022826 0.999978012 5.7604e-07
0.00022878 0.999977908 5.8119e-07
0.00022931 0.999977804 5.8638e-07
0.00022984 0.999977698 5.9162e-07
0.00023037 0.999977594 5.969e-07
0.0002309 0.999977487 6.0221e-07
0.00023143 0.999977382 6.0758e-07
0.00023196 0.999977274 6.1299e-07
0.0002325 0.999977168 6.1845e-07
0.00023304 0.999977059 6.2397e-07
0.00023357 0.999976952 6.2952e-07
0.00023411 0.999976842 6.3513e-07
0.00023465 0.999976734 6.4077e-07
0.00023519 0.999976623 6.4647e-07
0.00023573 0.999976514 6.5222e-07
0.00023628 0.999976402 6.5803e-07
0.00023682 0.999976292 6.6389e-07
0.00023737 0.999976179 6.6979e-07
0.00023791 0.999976068 6.7573e-07
0.00023846 0.999975954 6.8173e-07
0.00023901 0.999975841 6.8779e-07
0.00023956 0.999975726 6.939e-07
0.00024012 0.999975613 7.0006e-07
0.00024067 0.999975497 7.0627e-07
0.00024122 0.999975383 7.1253e-07
0.00024178 0.999975266 7.1884e-07
0.00024234 0.99997515 7.252e-07
0.0002429 0.999975032 7.3162e-07
0.00024346 0.999974915 7.3809e-07
0.00024402 0.999974796 7.4462e-07
0.00024458 0.999974678 7.5122e-07
0.00024514 0.999974558 7.5787e-07
0.00024571 0.999974439 7.6458e-07
0.00024628 0.999974318 7.7135e-07
0.00024684 0.999974198 7.7817e-07
0.00024741 0.999974075 7.8505e-07
0.00024798 0.999973954 7.9197e-07
0.00024855 0.999973831 7.9895e-07
0.00024913 0.999973709 8.0599e-07
0.0002497 0.999973584 8.1311e-07
0.00025028 0.99997346 8.2029e-07
0.00025085 0.999973334 8.2753e-07
0.00025143 0.99997321 8.3483e-07
0.00025201 0.999973083 8.4218e-07
0.00025259 0.999972957 8.4958e-07
0.00025318 0.999972829 8.5706e-07
0.00025376 0.999972702 8.646e-07
0.00025434 0.999972572 8.7222e-07
0.00025493 0.999972444 8.799e-07
0.00025552 0.999972313 8.8764e-07
0.00025611 0.999972184 8.9545e-07
0.0002567 0.999972052 9.0334e-07
0.00025729 0.999971922 9.1129e-07
0.00025788 0.999971788 9.1932e-07
0.00025848 0.999971657 9.2742e-07
0.00025907 0.999971522 9.3559e-07
0.00025967 0.999971389 9.4384e-07
0.00026027 0.999971254 9.5217e-07
0.00026087 0.99997112 9.6057e-07
0.00026147 0.999970982 9.6906e-07
0.00026207 0.999970847 9.7764e-07
0.00026268 0.999970709 9.863e-07
0.00026328 0.999970572 9.9504e-07
0.00026389 0.999970432 1.0039e-06
0.0002645 0.999970295 1.0128e-06
0.00026511 0.999970153 1.0218e-06
0.00026572 0.999970014 1.0309e-06
0.00026633 0.999969872 1.04e-06
0.00026694 0.999969732 1.0492e-06
0.00026756 0.999969588 1.0586e-06
0.00026818 0.999969446 1.068e-06
0.0002688 0.999969301 1.0775e-06
0.00026941 0.999969158 1.0872e-06
0.00027004 0.999969011 1.0969e-06
0.00027066 0.999968867 1.1068e-06
0.00027128 0.999968719 1.1167e-06
0.00027191 0.999968573 1.1267e-06
0.00027253 0.999968424 1.1368e-06
0.00027316 0.999968278 1.1471e-06
0.00027379 0.999968126 1.1574e-06
0.00027442 0.999967978 1.1679e-06
0.00027506 0.999967826 1.1785e-06
0.00027569 0.999967677 1.1892e-06
0.00027633 0.999967523 1.2e-06
0.00027696 0.999967372 1.2109e-06
0.0002776 0.999967217 1.2219e-06
0.00027824 0.999967065 1.233e-06
0.00027888 0.999966908 1.2441e-06
0.00027953 0.999966755 1.2553e-06
0.00028017 0.999966597 1.2667e-06
0.00028082 0.999966442 1.2782e-06
0.00028146 0.999966283 1.2898e-06
0.00028211 0.999966126 1.3014e-06
0.00028276 0.999965966 1.3131e-06
0.00028341 0.999965808 1.3249e-06
0.00028407 0.999965646 1.3368e-06
0.00028472 0.999965486 1.3488e-06
0.00028538 0.999965323 1.3609e-06
0.00028604 0.999965162 1.3732e-06
0.0002867 0.999964997 1.3855e-06
0.00028736 0.999964835 1.3979e-06
0.00028802 0.999964668 1.4104e-06
0.00028868 0.999964504 1.4229e-06
0.00028935 0.999964336 1.4355e-06
0.00029002 0.999964171 1.4483e-06
0.00029068 0.999964001 1.4612e-06
0.00029135 0.999963834 1.4743e-06
0.00029203 0.999963663 1.4875e-06
0.0002927 0.999963495 1.5007e-06
0.00029337 0.999963321 1.514e-06
0.00029405 0.999963152 1.5274e-06
0.00029473 0.999962977 1.5409e-06
0.00029541 0.999962806 1.5546e-06
0.00029609 0.999962629 1.5684e-06
0.00029677 0.999962457 1.5822e-06
0.00029746 0.999962278 1.5962e-06
0.00029814 0.999962104 1.6102e-06
0.00029883 0.999961924 1.6245e-06
0.00029952 0.999961749 1.6388e-06
0.00030021 0.999961567 1.6533e-06
0.0003009 0.999961389 1.6679e-06
0.00030159 0.999961206 1.6826e-06
0.00030229 0.999961027 1.6974e-06
0.00030299 0.999960842 1.7123e-06
0.00030368 0.999960661 1.7273e-06
0.00030438 0.999960474 1.7425e-06
0.00030509 0.999960292 1.7578e-06
0.00030579 0.999960103 1.7733e-06
0.00030649 0.999959919 1.7888e-06
0.0003072 0.999959729 1.8045e-06
0.00030791 0.999959543 1.8204e-06
0.00030862 0.999959351 1.8363e-06
0.00030933 0.999959163 1.8524e-06
0.00031004 0.99995897 1.8686e-06
0.00031076 0.999958781 1.8849e-06
0.00031147 0.999958584 1.9015e-06
0.00031219 0.999958394 1.9181e-06
0.00031291 0.999958196 1.9348e-06
0.00031363 0.999958003 1.9517e-06
0.00031436 0.999957804 1.9688e-06
0.00031508 0.999957609 1.986e-06
0.00031581 0.999957408 2.0033e-06
0.00031653 0.999957211 2.0208e-06
0.00031726 0.999957008 2.0385e-06
0.000318 0.999956811 2.0563e-06
0.00031873 0.999956605 2.0742e-06
0.00031946 0.999956405 2.0923e-06
0.0003202 0.999956198 2.1106e-06
0.00032094 0.999955996 2.129e-06
0.00032168 0.999955787 2.1475e-06
0.00032242 0.999955584 2.1662e-06
0.00032316 0.999955373 2.185e-06
0.00032391 0.999955167 2.2041e-06
0.00032465 0.999954954 2.2233e-06
0.0003254 0.999954747 2.2427e-06
0.00032615 0.999954531 2.2623e-06
0.0003269 0.999954322 2.282e-06
0.00032766 0.999954105 2.3019e-06
0.00032841 0.999953894 2.322e-06
0.00032917 0.999953675 2.3422e-06
0.00032993 0.999953462 2.3626e-06
0.00033069 0.99995324 2.3832e-06
0.00033145 0.999953025 2.4039e-06
0.00033222 0.999952802 2.4248e-06
0.00033298 0.999952585 2.4459e-06
0.00033375 0.999952359 2.4672e-06
0.00033452 0.99995214 2.4887e-06
0.00033529 0.999951913 2.5105e-06
0.00033606 0.999951691 2.5324e-06
0.00033684 0.999951462 2.5545e-06
0.00033761 0.999951239 2.5768e-06
0.00033839 0.999951007 2.5992e-06
0.00033917 0.999950782 2.6219e-06
0.00033995 0.999950548 2.6447e-06
0.00034074 0.999950321 2.6678e-06
0.00034152 0.999950084 2.691e-06
0.00034231 0.999949855 2.7145e-06
0.0003431 0.999949617 2.7382e-06
0.00034389 0.999949385 2.7622e-06
0.00034468 0.999949145 2.7863e-06
0.00034548 0.999948912 2.8106e-06
0.00034628 0.999948668 2.8352e-06
0.00034707 0.999948433 2.8599e-06
0.00034787 0.999948188 2.8849e-06
0.00034868 0.999947949 2.9101e-06
0.00034948 0.999947702 2.9355e-06
0.00035028 0.999947462 2.9612e-06
0.00035109 0.999947213 2.987e-06
0.0003519 0.99994697 3.0132e-06
0.00035271 0.999946719 3.0395e-06
0.00035353 0.999946475 3.0661e-06
0.00035434 0.999946219 3.0929e-06
0.00035516 0.999945973 3.1199e-06
0.00035598 0.999945717 3.1472e-06
0.0003568 0.999945467 3.1746e-06
0.00035762 0.999945208 3.2024e-06
0.00035844 0.999944958 3.2303e-06
0.00035927 0.999944696 3.2585e-06
0.0003601 0.999944442 3.287e-06
0.00036093 0.999944178 3.3158e-06
0.00036176 0.999943923 3.3449e-06
0.00036259 0.999943656 3.3742e-06
0.00036343 0.999943398 3.4036e-06
0.00036427 0.99994313 3.4332e-06
0.00036511 0.999942869 3.4631e-06
0.00036595 0.999942598 3.4933e-06
0.00036679 0.999942335 3.524e-06
0.00036764 0.99994206 3.5549e-06
0.00036849 0.999941796 3.586e-06
0.00036934 0.999941519 3.6173e-06
0.00037019 0.999941253 3.6489e-06
0.00037104 0.999940972 3.6807e-06
0.0003719 0.999940703 3.713e-06
0.00037275 0.999940422 3.7455e-06
0.00037361 0.999940149 3.7783e-06
0.00037447 0.999939865 3.8114e-06
0.00037534 0.999939591 3.8446e-06
0.0003762 0.999939303 3.8781e-06
0.00037707 0.999939026 3.9119e-06
0.00037794 0.999938737 3.9459e-06
0.00037881 0.999938458 3.9804e-06
0.00037968 0.999938164 4.0153e-06
0.00038056 0.999937883 4.0505e-06
0.00038144 0.999937588 4.086e-06
0.00038232 0.999937303 4.1217e-06
0.0003832 0.999937005 4.1577e-06
0.00038408 0.999936719 4.1939e-06
0.00038497 0.999936417 4.2305e-06
0.00038585 0.999936128 4.2675e-06
0.00038674 0.999935825 4.3048e-06
0.00038763 0.999935532 4.3424e-06
0.00038853 0.999935226 4.3803e-06
0.00038942 0.999934932 4.4184e-06
0.00039032 0.999934623 4.4569e-06
0.00039122 0.999934325 4.4958e-06
0.00039212 0.999934014 4.535e-06
0.00039303 0.999933714 4.5746e-06
0.00039393 0.999933399 4.6145e-06
0.00039484 0.999933096 4.6548e-06
0.00039575 0.999932779 4.6953e-06
0.00039666 0.999932473 4.7362e-06
0.00039758 0.999932153 4.7774e-06
0.00039849 0.999931845 4.819e-06
0.00039941 0.999931522 4.861e-06
0.00040033 0.99993121 4.9034e-06
0.00040126 0.999930884 4.9461e-06
0.00040218 0.999930571 4.9893e-06
0.00040311 0.99993024 5.0328e-06
0.00040404 0.999929925 5.0767e-06
0.00040497 0.999929593 5.1209e-06
0.0004059 0.999929273 5.1653e-06
0.00040684 0.999928938 5.2102e-06
0.00040778 0.999928617 5.2555e-06
0.00040872 0.999928277 5.3013e-06
0.00040966 0.999927953 5.3475e-06
0.0004106 0.999927611 5.394e-06
0.00041155 0.999927283 5.4408e-06
0.0004125 0.999926939 5.488e-06
0.00041345 0.999926609 5.5356e-06
0.0004144 0.999926259 5.5837e-06
0.00041536 0.999925927 5.6322e-06
0.00041631 0.999925576 5.6812e-06
0.00041727 0.999925238 5.7307e-06
0.00041824 0.999924885 5.7804e-06
0.0004192 0.999924546 5.8306e-06
0.00042017 0.999924189 5.8812e-06
0.00042114 0.999923846 5.9322e-06
0.00042211 0.999923486 5.9835e-06
0.00042308 0.999923141 6.0353e-06
0.00042405 0.999922776 6.0875e-06
0.00042503 0.999922428 6.1402e-06
0.00042601 0.999922061 6.1935e-06
0.00042699 0.999921708 6.2474e-06
0.00042798 0.999921338 6.3017e-06
0.00042896 0.999920985 6.3563e-06
0.00042995 0.999920611 6.4112e-06
0.00043094 0.999920253 6.4665e-06
0.00043194 0.999919876 6.5223e-06
0.00043293 0.999919517 6.5786e-06
0.00043393 0.999919134 6.6356e-06
0.00043493 0.999918771 6.693e-06
0.00043593 0.999918387 6.7509e-06
0.00043694 0.999918019 6.8093e-06
0.00043795 0.999917632 6.8681e-06
0.00043896 0.999917263 6.9274e-06
0.00043997 0.999916872 6.9872e-06
0.00044098 0.999916497 7.0476e-06
0.000442 0.999916103 7.1085e-06
0.00044302 0.999915728 7.1699e-06
0.00044404 0.999915328 7.2318e-06
0.00044506 0.999914949 7.2942e-06
0.00044609 0.999914548 7.357e-06
0.00044712 0.999914164 7.4203e-06
0.00044815 0.999913759 7.4842e-06
0.00044918 0.999913374 7.5487e-06
0.00045022 0.999912963 7.6137e-06
0.00045125 0.999912575 7.6792e-06
0.00045229 0.999912162 7.7453e-06
0.00045334 0.999911771 7.8119e-06
0.00045438 0.999911352 7.8791e-06
0.00045543 0.999910957 7.9468e-06
0.00045648 0.999910537 8.015e-06
0.00045753 0.999910136 8.0839e-06
0.00045859 0.999909713 8.1534e-06
0.00045964 0.999909312 8.2236e-06
0.0004607 0.999908882 8.2942e-06
0.00046177 0.999908477 8.3654e-06
0.00046283 0.999908045 8.4371e-06
0.0004639 0.999907637 8.5095e-06
0.00046497 0.999907199 8.5827e-06
0.00046604 0.999906787 8.6566e-06
0.00046711 0.999906348 8.731e-06
0.00046819 0.99990593 8.806e-06
0.00046927 0.999905488 8.8815e-06
0.00047035 0.99990507 8.9576e-06
0.00047143 0.99990462 9.0343e-06
0.00047252 0.999904198 9.1117e-06
0.00047361 0.999903748 9.1897e-06
0.0004747 0.999903319 9.2685e-06
0.0004758 0.999902864 9.3478e-06
0.00047689 0.999902435 9.4279e-06
0.00047799 0.999901976 9.5087e-06
0.00047909 0.99990154 9.5902e-06
0.0004802 0.999901078 9.6723e-06
0.00048131 0.999900642 9.755e-06
0.00048242 0.999900173 9.8383e-06
0.00048353 0.99989973 9.9222e-06
0.00048464 0.99989926 1.0007e-05
0.00048576 0.99989881 1.0092e-05
0.00048688 0.99989834 1.0179e-05
0.000488 0.99989789 1.0266e-05
0.00048913 0.99989741 1.0353e-05
0.00049025 0.99989696 1.0442e-05
0.00049138 0.99989648 1.0531e-05
0.00049252 0.99989602 1.062e-05
0.00049365 0.99989553 1.0711e-05
0.00049479 0.99989507 1.0802e-05
0.00049593 0.99989458 1.0894e-05
0.00049707 0.99989412 1.0988e-05
0.00049822 0.99989362 1.1082e-05
0.00049937 0.99989316 1.1176e-05
0.00050052 0.99989265 1.1271e-05
0.00050167 0.99989219 1.1367e-05
0.00050283 0.99989168 1.1463e-05
0.00050399 0.99989121 1.1561e-05
0.00050515 0.9998907 1.1659e-05
0.00050632 0.99989022 1.1758e-05
0.00050748 0.99988971 1.1858e-05
0.00050865 0.99988922 1.1959e-05
0.00050983 0.9998887 1.206e-05
0.000511 0.99988822 1.2163e-05
0.00051218 0.9998877 1.2266e-05
0.00051336 0.99988721 1.237e-05
0.00051454 0.99988668 1.2475e-05
0.00051573 0.99988619 1.2581e-05
0.00051692 0.99988565 1.2688e-05
0.00051811 0.99988516 1.2796e-05
0.0005193 0.99988462 1.2905e-05
0.0005205 0.99988412 1.3014e-05
0.0005217 0.99988358 1.3125e-05
0.0005229 0.99988308 1.3236e-05
0.00052411 0.99988253 1.3348e-05
0.00052532 0.99988202 1.3461e-05
0.00052653 0.99988148 1.3575e-05
0.00052774 0.99988096 1.369e-05
0.00052896 0.99988041 1.3805e-05
0.00053018 0.99987989 1.3923e-05
0.0005314 0.99987934 1.4041e-05
0.00053263 0.99987881 1.4159e-05
0.00053385 0.99987825 1.4279e-05
0.00053508 0.99987773 1.4399e-05
0.00053632 0.99987716 1.4521e-05
0.00053755 0.99987663 1.4644e-05
0.00053879 0.99987606 1.4768e-05
0.00054003 0.99987553 1.4893e-05
0.00054128 0.99987495 1.5018e-05
0.00054253 0.99987442 1.5144e-05
0.00054378 0.99987384 1.5272e-05
0.00054503 0.99987329 1.54e-05
0.00054629 0.99987271 1.553e-05
0.00054755 0.99987217 1.5662e-05
0.00054881 0.99987157 1.5794e-05
0.00055007 0.99987103 1.5927e-05
0.00055134 0.99987044 1.6061e-05
0.00055261 0.99986988 1.6196e-05
0.00055389 0.99986928 1.6332e-05
0.00055516 0.99986873 1.6469e-05
0.00055644 0.99986812 1.6608e-05
0.00055773 0.99986756 1.6748e-05
0.00055901 0.99986696 1.689e-05
0.0005603 0.9998664 1.7032e-05
0.00056159 0.99986578 1.7175e-05
0.00056289 0.99986521 1.7319e-05
0.00056418 0.9998646 1.7465e-05
0.00056549 0.99986402 1.7611e-05
0.00056679 0.9998634 1.7759e-05
0.0005681 0.99986283 1.7909e-05
0.00056941 0.9998622 1.806e-05
0.00057072 0.99986162 1.8212e-05
0.00057203 0.99986099 1.8366e-05
0.00057335 0.99986042 1.852e-05
0.00057467 0.99985978 1.8675e-05
0.000576 0.99985919 1.8831e-05
0.00057733 0.99985856 1.8989e-05
0.00057866 0.99985796 1.9148e-05
0.00057999 0.99985732 1.9309e-05
0.00058133 0.99985673 1.9471e-05
0.00058267 0.99985608 1.9635e-05
0.00058401 0.99985548 1.9801e-05
0.00058536 0.99985483 1.9968e-05
0.00058671 0.99985423 2.0135e-05
0.00058806 0.99985358 2.0304e-05
0.00058942 0.99985298 2.0474e-05
0.00059077 0.99985232 2.0645e-05
0.00059214 0.99985171 2.0818e-05
0.0005935 0.99985105 2.0992e-05
0.00059487 0.99985045 2.1169e-05
0.00059624 0.99984977 2.1347e-05
0.00059762 0.99984917 2.1526e-05
0.00059899 0.9998485 2.1706e-05
0.00060037 0.99984788 2.1886e-05
0.00060176 0.99984721 2.2069e-05
0.00060314 0.9998466 2.2253e-05
0.00060453 0.99984592 2.2439e-05
0.00060593 0.9998453 2.2626e-05
0.00060733 0.99984462 2.2815e-05
0.00060873 0.99984401 2.3006e-05
0.00061013 0.99984332 2.3197e-05
0.00061154 0.9998427 2.339e-05
0.00061294 0.99984202 2.3583e-05
0.00061436 0.99984139 2.3779e-05
0.00061577 0.99984071 2.3976e-05
0.00061719 0.99984009 2.4175e-05
0.00061862 0.99983939 2.4376e-05
0.00062004 0.99983877 2.4579e-05
0.00062147 0.99983808 2.4782e-05
0.0006229 0.99983746 2.4988e-05
0.00062434 0.99983677 2.5195e-05
0.00062578 0.99983615 2.5403e-05
0.00062722 0.99983546 2.5614e-05
0.00062867 0.99983483 2.5825e-05
0.00063012 0.99983414 2.6039e-05
0.00063157 0.99983353 2.6254e-05
0.00063303 0.99983283 2.647e-05
0.00063449 0.99983222 2.6689e-05
0.00063595 0.99983154 2.6909e-05
0.00063741 0.99983093 2.7131e-05
0.00063888 0.99983025 2.7354e-05
0.00064036 0.99982965 2.7579e-05
0.00064183 0.99982898 2.7806e-05
0.00064331 0.99982838 2.8035e-05
0.00064479 0.99982771 2.8265e-05
0.00064628 0.99982714 2.8498e-05
0.00064777 0.99982648 2.8732e-05
0.00064926 0.99982592 2.8968e-05
0.00065076 0.99982529 2.9206e-05
0.00065226 0.99982474 2.9445e-05
0.00065376 0.99982414 2.9687e-05
0.00065527 0.99982363 2.993e-05
0.00065678 0.99982307 3.0175e-05
0.0006583 0.9998226 3.0422e-05
0.00065981 0.99982209 3.0671e-05
0.00066133 0.99982171 3.0923e-05
0.00066286 0.99982129 3.1176e-05
0.00066439 0.99982105 3.1432e-05
0.00066592 0.99982083 3.1689e-05
0.00066745 0.99982088 3.1947e-05
0.00066899 0.99982119 3.2207e-05
0.00067054 0.99981993 3.2468e-05
0.00067208 0.99982459 2.8693e-05
0.00067363 0.99982395 2.504e-05
0.00067518 0.99981852 2.4508e-05
0.00067674 0.99981644 2.4711e-05
0.0006783 0.99981474 2.4917e-05
0.00067986 0.99981332 2.5124e-05
0.00068143 0.99981195 2.5333e-05
0.000683 0.99981071 2.5543e-05
0.00068458 0.99980947 2.5755e-05
0.00068615 0.99980833 2.597e-05
0.00068774 0.99980715 2.6186e-05
0.00068932 0.99980607 2.6403e-05
0.00069091 0.99980493 2.6622e-05
0.0006925 0.99980389 2.6841e-05
0.0006941 0.99980277 2.7063e-05
0.0006957 0.99980174 2.7286e-05
0.0006973 0.99980064 2.7513e-05
0.00069891 0.99979962 2.7742e-05
0.00070052 0.99979854 2.7972e-05
0.00070214 0.99979754 2.8203e-05
0.00070376 0.99979645 2.8436e-05
0.00070538 0.99979546 2.8671e-05
0.000707 0.99979438 2.8909e-05
0.00070863 0.99979339 2.9149e-05
0.00071027 0.9997923 2.9392e-05
0.0007119 0.99979131 2.9636e-05
0.00071355 0.99979024 2.9882e-05
0.00071519 0.99978924 3.0129e-05
0.00071684 0.99978817 3.0378e-05
0.00071849 0.99978718 3.0629e-05
0.00072015 0.99978609 3.0882e-05
0.00072181 0.9997851 3.1139e-05
0.00072347 0.99978401 3.1399e-05
0.00072514 0.99978301 3.1661e-05
0.00072681 0.99978192 3.1925e-05
0.00072849 0.99978093 3.219e-05
0.00073017 0.99977984 3.2456e-05
0.00073185 0.99977882 3.2726e-05
0.00073354 0.99977773 3.2998e-05
0.00073523 0.99977673 3.3272e-05
0.00073692 0.99977562 3.3547e-05
0.00073862 0.99977461 3.3824e-05
0.00074032 0.9997735 3.4103e-05
0.00074203 0.99977248 3.4385e-05
0.00074374 0.99977136 3.4671e-05
0.00074546 0.99977034 3.4959e-05
0.00074717 0.99976922 3.5251e-05
0.0007489 0.99976819 3.5545e-05
0.00075062 0.99976706 3.584e-05
0.00075235 0.99976604 3.6138e-05
0.00075409 0.9997649 3.6438e-05
0.00075583 0.99976386 3.674e-05
0.00075757 0.99976272 3.7045e-05
0.00075931 0.99976167 3.7351e-05
0.00076106 0.99976053 3.7661e-05
0.00076282 0.99975948 3.7973e-05
0.00076458 0.99975832 3.8287e-05
0.00076634 0.99975727 3.8605e-05
0.00076811 0.99975611 3.8925e-05
0.00076988 0.99975505 3.9248e-05
0.00077165 0.99975387 3.9574e-05
0.00077343 0.99975281 3.9903e-05
0.00077521 0.99975163 4.0234e-05
0.000777 0.99975055 4.0568e-05
0.00077879 0.99974937 4.0905e-05
0.00078059 0.9997483 4.1245e-05
0.00078239 0.9997471 4.1588e-05
0.00078419 0.99974602 4.1934e-05
0.000786 0.99974482 4.2282e-05
0.00078781 0.99974374 4.2633e-05
0.00078963 0.99974252 4.2985e-05
0.00079145 0.99974143 4.3341e-05
0.00079327 0.99974022 4.3699e-05
0.0007951 0.99973911 4.406e-05
0.00079693 0.99973789 4.4425e-05
0.00079877 0.99973679 4.4793e-05
0.00080061 0.99973555 4.5164e-05
0.00080246 0.99973444 4.5538e-05
0.00080431 0.9997332 4.5915e-05
0.00080616 0.99973208 4.6295e-05
0.00080802 0.99973083 4.6679e-05
0.00080988 0.99972971 4.7066e-05
0.00081175 0.99972846 4.7458e-05
0.00081362 0.99972732 4.7852e-05
0.0008155 0.99972607 4.8248e-05
0.00081738 0.99972495 4.8646e-05
0.00081926 0.99972367 4.9047e-05
0.00082115 0.99972253 4.9452e-05
0.00082304 0.99972126 4.9863e-05
0.00082494 0.9997201 5.0278e-05
0.00082684 0.99971883 5.0695e-05
0.00082875 0.99971769 5.1115e-05
0.00083066 0.9997164 5.1537e-05
0.00083257 0.99971524 5.1962e-05
0.00083449 0.99971395 5.2391e-05
0.00083641 0.9997128 5.2825e-05
0.00083834 0.99971149 5.3262e-05
0.00084028 0.99971034 5.37e-05
0.00084221 0.99970903 5.414e-05
0.00084415 0.99970786 5.4585e-05
0.0008461 0.99970655 5.5035e-05
0.00084805 0.99970538 5.5491e-05
0.00085 0.99970407 5.5952e-05
0.00085196 0.99970289 5.6415e-05
0.00085393 0.99970157 5.6879e-05
0.0008559 0.99970041 5.7347e-05
0.00085787 0.99969907 5.7819e-05
0.00085985 0.9996979 5.8296e-05
0.00086183 0.99969658 5.8776e-05
0.00086382 0.99969539 5.926e-05
0.00086581 0.99969407 5.9744e-05
0.0008678 0.9996929 6.0233e-05
0.0008698 0.99969154 6.0727e-05
0.00087181 0.99969037 6.1227e-05
0.00087382 0.99968904 6.1733e-05
0.00087583 0.99968787 6.2244e-05
0.00087785 0.99968652 6.2757e-05
0.00087988 0.99968536 6.3271e-05
0.0008819 0.99968403 6.3789e-05
0.00088394 0.99968285 6.4309e-05
0.00088598 0.99968152 6.4833e-05
0.00088802 0.99968037 6.5361e-05
0.00089006 0.99967902 6.5897e-05
0.00089212 0.99967787 6.6439e-05
0.00089417 0.99967655 6.6986e-05
0.00089623 0.99967541 6.7536e-05
0.0008983 0.99967409 6.8089e-05
0.00090037 0.99967296 6.8644e-05
0.00090245 0.99967166 6.9204e-05
0.00090453 0.99967054 6.977e-05
0.00090661 0.99966926 7.0341e-05
0.0009087 0.99966818 7.0917e-05
0.0009108 0.9996669 7.1499e-05
0.0009129 0.99966584 7.2086e-05
0.000915 0.99966462 7.2675e-05
0.00091711 0.99966359 7.3267e-05
0.00091922 0.9996624 7.3862e-05
0.00092134 0.99966144 7.4464e-05
0.00092347 0.9996603 7.5075e-05
0.0009256 0.99965939 7.5693e-05
0.00092773 0.99965836 7.6315e-05
0.00092987 0.99965758 7.6936e-05
0.00093201 0.99965664 7.7559e-05
0.00093416 0.99965602 7.8186e-05
0.00093631 0.9996553 7.8822e-05
0.00093847 0.99965493 7.9466e-05
0.00094064 0.9996546 8.0117e-05
0.0009428 0.99965484 8.0772e-05
0.00094498 0.99965551 8.1429e-05
0.00094716 0.99965487 8.209e-05
0.00094934 0.9996672 7.805e-05
0.00095153 0.99967061 6.4228e-05
0.00095372 0.99965181 6.4752e-05
0.00095592 0.99964746 6.5281e-05
0.00095812 0.99964389 6.5815e-05
0.00096033 0.99964093 6.6355e-05
0.00096255 0.99963811 6.6897e-05
0.00096476 0.99963564 6.7442e-05
0.00096699 0.99963309 6.799e-05
0.00096922 0.99963084 6.8543e-05
0.00097145 0.99962848 6.9101e-05
0.00097369 0.99962636 6.9665e-05
0.00097594 0.99962407 7.0232e-05
0.00097819 0.99962203 7.08e-05
0.00098044 0.99961983 7.1372e-05
0.0009827 0.99961781 7.195e-05
0.00098497 0.99961565 7.2537e-05
0.00098724 0.99961369 7.313e-05
0.00098951 0.99961154 7.3729e-05
0.00099179 0.99960961 7.4328e-05
0.00099408 0.9996075 7.4927e-05
0.00099637 0.99960559 7.5529e-05
0.00099867 0.99960345 7.614e-05
0.001001 0.99960155 7.6759e-05
0.0010033 0.99959944 7.7386e-05
0.0010056 0.99959753 7.8016e-05
0.0010079 0.99959544 7.8648e-05
0.0010102 0.99959355 7.9284e-05
0.0010126 0.99959143 7.9925e-05
0.0010149 0.99958954 8.0574e-05
0.0010172 0.99958744 8.1229e-05
0.0010196 0.99958552 8.1888e-05
0.0010219 0.99958342 8.2551e-05
0.0010243 0.99958153 8.3217e-05
0.0010266 0.99957942 8.3888e-05
0.001029 0.9995775 8.4567e-05
0.0010314 0.99957538 8.5252e-05
0.0010338 0.99957348 8.5943e-05
0.0010361 0.99957132 8.664e-05
0.0010385 0.99956942 8.7344e-05
0.0010409 0.99956727 8.8054e-05
0.0010433 0.99956534 8.8772e-05
0.0010457 0.99956319 8.9498e-05
0.0010481 0.99956128 9.0227e-05
0.0010506 0.99955913 9.0958e-05
0.001053 0.99955718 9.169e-05
0.0010554 0.99955501 9.2427e-05
0.0010578 0.99955308 9.3173e-05
0.0010603 0.99955086 9.3931e-05
0.0010627 0.99954892 9.4697e-05
0.0010652 0.99954673 9.5469e-05
0.0010676 0.99954476 9.6244e-05
0.0010701 0.99954255 9.7023e-05
0.0010726 0.9995406 9.781e-05
0.001075 0.99953835 9.8606e-05
0.0010775 0.99953638 9.9411e-05
0.00108 0.99953415 0.00010022
0.0010825 0.99953218 0.00010103
0.001085 0.99952991 0.00010185
0.0010875 0.99952793 0.00010267
0.00109 0.99952566 0.0001035
0.0010925 0.99952364 0.00010434
0.001095 0.99952136 0.00010519
0.0010975 0.99951936 0.00010605
0.0011001 0.99951704 0.00010692
0.0011026 0.99951503 0.00010779
0.0011052 0.99951273 0.00010866
0.0011077 0.99951071 0.00010955
0.0011103 0.99950836 0.00011043
0.0011128 0.99950633 0.00011133
0.0011154 0.99950399 0.00011224
0.0011179 0.99950192 0.00011316
0.0011205 0.99949958 0.00011408
0.0011231 0.99949754 0.00011501
0.0011257 0.99949515 0.00011594
0.0011283 0.99949309 0.00011688
0.0011309 0.99949071 0.00011783
0.0011335 0.99948861 0.00011879
0.0011361 0.99948623 0.00011976
0.0011387 0.99948415 0.00012073
0.0011414 0.99948175 0.00012171
0.001144 0.99947962 0.00012269
0.0011466 0.9994772 0.00012369
0.0011493 0.99947511 0.00012469
0.0011519 0.99947263 0.00012571
0.0011546 0.99947052 0.00012674
0.0011572 0.99946807 0.00012777
0.0011599 0.99946591 0.00012882
0.0011626 0.99946347 0.00012987
0.0011653 0.99946134 0.00013092
0.0011679 0.99945886 0.00013198
0.0011706 0.99945668 0.00013306
0.0011733 0.99945419 0.00013415
0.001176 0.99945205 0.00013525
0.0011787 0.99944952 0.00013635
0.0011815 0.99944738 0.00013746
0.0011842 0.99944486 0.00013857
0.0011869 0.99944266 0.00013969
0.0011897 0.99944011 0.00014083
0.0011924 0.99943796 0.00014199
0.0011951 0.99943537 0.00014315
0.0011979 0.9994332 0.00014431
0.0012007 0.99943065 0.00014548
0.0012034 0.99942847 0.00014666
0.0012062 0.99942584 0.00014785
0.001209 0.99942365 0.00014906
0.0012118 0.99942107 0.00015028
0.0012146 0.99941883 0.0001515
0.0012174 0.99941624 0.00015272
0.0012202 0.99941405 0.00015395
0.001223 0.99941137 0.0001552
0.0012258 0.99940916 0.00015647
0.0012286 0.99940651 0.00015775
0.0012315 0.99940431 0.00015904
0.0012343 0.99940162 0.00016035
0.0012371 0.99939941 0.00016165
0.00124 0.99939677 0.00016297
0.0012429 0.99939451 0.00016429
0.0012457 0.99939185 0.00016562
0.0012486 0.99938964 0.00016697
0.0012515 0.99938691 0.00016832
0.0012544 0.99938469 0.0001697
0.0012572 0.99938202 0.00017108
0.0012601 0.99937974 0.00017246
0.0012631 0.99937706 0.00017385
0.001266 0.99937482 0.00017526
0.0012689 0.99937212 0.00017667
0.0012718 0.99936983 0.0001781
0.0012747 0.99936713 0.00017955
0.0012777 0.99936491 0.000181
0.0012806 0.99936215 0.00018245
0.0012836 0.99935991 0.00018392
0.0012865 0.9993572 0.0001854
0.0012895 0.9993549 0.00018688
0.0012925 0.99935219 0.00018838
0.0012955 0.99934994 0.00018989
0.0012984 0.99934722 0.0001914
0.0013014 0.99934492 0.00019293
0.0013044 0.99934218 0.00019446
0.0013074 0.99933995 0.00019601
0.0013105 0.99933716 0.00019757
0.0013135 0.99933492 0.00019914
0.0013165 0.99933219 0.00020071
0.0013195 0.99932989 0.00020228
0.0013226 0.99932714 0.00020387
0.0013256 0.99932491 0.00020547
0.0013287 0.99932209 0.00020708
0.0013317 0.99931984 0.0002087
0.0013348 0.99931708 0.00021033
0.0013379 0.99931484 0.00021196
0.001341 0.999312 0.0002136
0.0013441 0.99930976 0.00021525
0.0013472 0.99930697 0.00021692
0.0013503 0.99930465 0.00021859
0.0013534 0.99930187 0.00022028
0.0013565 0.99929963 0.00022197
0.0013596 0.99929676 0.00022368
0.0013628 0.9992945 0.0002254
0.0013659 0.99929167 0.00022714
0.0013691 0.99928942 0.00022889
0.0013722 0.99928652 0.00023066
0.0013754 0.99928427 0.00023244
0.0013785 0.99928144 0.00023424
0.0013817 0.99927912 0.00023605
0.0013849 0.99927628 0.00023788
0.0013881 0.99927405 0.00023973
0.0013913 0.99927112 0.0002416
0.0013945 0.99926889 0.00024348
0.0013977 0.99926603 0.00024539
0.0014009 0.99926373 0.00024732
0.0014042 0.99926088 0.00024928
0.0014074 0.99925867 0.00025126
0.0014107 0.99925582 0.00025326
0.0014139 0.99925357 0.00025528
0.0014172 0.99925074 0.00025733
0.0014204 0.99924862 0.0002594
0.0014237 0.9992457 0.0002615
0.001427 0.99924361 0.00026363
0.0014303 0.9992408 0.0002658
0.0014336 0.99923868 0.00026799
0.0014369 0.99923592 0.00027022
0.0014402 0.99923396 0.00027249
0.0014435 0.99923125 0.00027478
0.0014468 0.99922931 0.00027711
0.0014502 0.99922669 0.00027947
0.0014535 0.99922499 0.00028188
0.0014569 0.99922243 0.00028434
0.0014602 0.9992209 0.0002868
0.0014636 0.99921876 0.00028926
0.001467 0.99921735 0.00029167
0.0014704 0.99921565 0.00029398
0.0014737 0.99921447 0.00029613
0.0014771 0.99921304 0.00029808
0.0014805 0.99921185 0.00029981
0.001484 0.99921055 0.00030136
0.0014874 0.99920921 0.00030273
0.0014908 0.99920768 0.00030394
0.0014942 0.99920609 0.00030503
0.0014977 0.99920437 0.00030603
0.0015011 0.9992024 0.00030695
0.0015046 0.99920034 0.00030784
0.0015081 0.99919818 0.00030871
0.0015115 0.99919563 0.00030959
0.001515 0.99919318 0.00031051
0.0015185 0.99919032 0.00031149
0.001522 0.99918766 0.00031257
0.0015255 0.99918433 0.00031377
0.001529 0.99918151 0.00031512
0.0015326 0.99917798 0.00031665
0.0015361 0.99917503 0.00031834
0.0015396 0.99917139 0.00032021
0.0015432 0.99916861 0.00032225
0.0015468 0.99916486 0.00032444
0.0015503 0.9991622 0.00032677
0.0015539 0.99915863 0.00032924
0.0015575 0.99915605 0.00033182
0.0015611 0.99915261 0.00033453
0.0015647 0.99915033 0.00033735
0.0015683 0.99914707 0.00034027
0.0015719 0.99914495 0.00034328
0.0015755 0.99914194 0.00034636
0.0015791 0.99914021 0.00034951
0.0015828 0.99913734 0.00035271
0.0015864 0.99913587 0.00035596
0.0015901 0.99913341 0.00035925
0.0015938 0.99913211 0.00036256
0.0015974 0.99913 0.00036587
0.0016011 0.99912908 0.00036918
0.0016048 0.99912726 0.00037248
0.0016085 0.99912651 0.00037577
0.0016122 0.999125 0.00037904
0.0016159 0.99912465 0.00038231
0.0016197 0.99912332 0.00038556
0.0016234 0.99912325 0.00038878
0.0016271 0.99912238 0.00039198
0.0016309 0.9991225 0.00039516
0.0016346 0.999122 0.00039831
0.0016384 0.99912259 0.00040142
0.0016422 0.99912235 0.00040451
0.001646 0.9991233 0.00040755
0.0016498 0.99912363 0.00041056
0.0016536 0.99912504 0.00041353
0.0016574 0.99912578 0.00041645
0.0016612 0.99912771 0.00041933
0.001665 0.99912921 0.00042216
0.0016689 0.99913169 0.00042497
0.0016727 0.99913401 0.00042773
0.0016766 0.99913755 0.00043047
0.0016804 0.99914084 0.00043318
0.0016843 0.99914569 0.00043586
0.0016882 0.99915075 0.00043852
0.0016921 0.99915772 0.00044116
0.001696 0.99916544 0.00044378
0.0016999 0.99917622 0.0004464
0.0017038 0.99918968 0.000449
0.0017077 0.99920936 0.0004516
0.0017117 0.99923996 0.0004542
0.0017156 0.99918767 0.0004568
0.0017196 0.99931148 0.00027827
0.0017235 0.99925801 0.00025285
0.0017275 0.9991966 0.00025487
0.0017315 0.99917105 0.00025689
0.0017355 0.9991507 0.00025891
0.0017395 0.99913447 0.00026093
0.0017435 0.99911981 0.00026296
0.0017475 0.99910727 0.000265
0.0017515 0.99909534 0.00026705
0.0017556 0.99908494 0.0002691
0.0017596 0.99907451 0.00027115
0.0017637 0.99906536 0.0002732
0.0017678 0.99905603 0.00027526
0.0017718 0.99904765 0.00027734
0.0017759 0.99903905 0.00027942
0.00178 0.99903136 0.00028151
0.0017841 0.99902326 0.0002836
0.0017882 0.99901593 0.00028571
0.0017923 0.99900819 0.00028783
0.0017965 0.9990013 0.00028998
0.0018006 0.9989937 0.00029216
0.0018048 0.9989871 0.00029436
0.0018089 0.9989799 0.00029658
0.0018131 0.9989734 0.00029883
0.0018173 0.9989663 0.00030111
0.0018215 0.9989601 0.00030343
0.0018257 0.9989531 0.00030578
0.0018299 0.9989469 0.00030818
0.0018341 0.9989401 0.00031061
0.0018383 0.9989342 0.00031309
0.0018426 0.9989274 0.00031561
0.0018468 0.9989216 0.00031818
0.0018511 0.998915 0.00032079
0.0018553 0.9989093 0.00032344
0.0018596 0.9989028 0.00032613
0.0018639 0.9988973 0.00032886
0.0018682 0.9988908 0.00033163
0.0018725 0.9988854 0.00033443
0.0018768 0.9988791 0.00033725
0.0018811 0.9988739 0.00034011
0.0018855 0.9988676 0.000343
0.0018898 0.9988624 0.00034593
0.0018942 0.9988563 0.00034889
0.0018985 0.9988512 0.00035187
0.0019029 0.9988452 0.00035487
0.0019073 0.9988403 0.00035789
0.0019117 0.9988343 0.00036093
0.0019161 0.9988295 0.00036399
0.0019205 0.9988237 0.00036707
0.001925 0.9988189 0.00037016
0.0019294 0.9988132 0.00037327
0.0019338 0.9988085 0.00037638
0.0019383 0.9988029 0.0003795
0.0019428 0.9987983 0.00038262
0.0019472 0.9987928 0.00038574
0.0019517 0.9987883 0.00038886
0.0019562 0.9987828 0.00039199
0.0019607 0.9987784 0.00039513
0.0019653 0.998773 0.00039827
0.0019698 0.9987685 0.00040141
0.0019743 0.9987632 0.00040455
0.0019789 0.9987589 0.0004077
0.0019835 0.9987537 0.00041086
0.001988 0.9987493 0.00041403
0.0019926 0.9987441 0.00041721
0.0019972 0.9987399 0.0004204
0.0020018 0.9987346 0.0004236
0.0020064 0.9987305 0.00042681
0.002011 0.9987253 0.00043003
0.0020157 0.9987211 0.00043328
0.0020203 0.998716 0.00043654
0.002025 0.998712 0.00043983
0.0020297 0.9987069 0.00044313
0.0020343 0.9987028 0.00044645
0.002039 0.9986978 0.0004498
0.0020437 0.9986939 0.00045317
0.0020484 0.9986888 0.00045657
0.0020532 0.998685 0.00045999
0.0020579 0.9986801 0.00046346
0.0020626 0.9986762 0.00046695
0.0020674 0.9986714 0.00047048
0.0020722 0.9986677 0.00047403
0.0020769 0.9986628 0.00047762
0.0020817 0.9986593 0.00048125
0.0020865 0.9986546 0.00048491
0.0020913 0.9986512 0.00048863
0.0020961 0.9986464 0.0004924
0.002101 0.9986431 0.00049621
0.0021058 0.9986387 0.00050007
0.0021107 0.9986354 0.00050398
0.0021155 0.9986311 0.00050794
0.0021204 0.9986282 0.00051196
0.0021253 0.9986238 0.00051604
0.0021302 0.9986211 0.00052018
0.0021351 0.9986171 0.00052439
0.00214 0.9986147 0.00052866
0.002145 0.9986108 0.000533
0.0021499 0.9986087 0.00053742
0.0021549 0.9986052 0.00054192
0.0021598 0.9986033 0.00054649
0.0021648 0.9986002 0.00055115
0.0021698 0.998599 0.00055589
0.0021748 0.9985962 0.00056069
0.0021798 0.9985956 0.00056552
0.0021848 0.9985936 0.00057039
0.0021899 0.9985933 0.00057526
0.0021949 0.9985921 0.00058011
0.0022 0.9985927 0.00058493
0.0022051 0.9985923 0.00058968
0.0022101 0.9985934 0.00059435
0.0022152 0.998594 0.0005989
0.0022204 0.998596 0.00060331
0.0022255 0.9985974 0.00060755
0.0022306 0.9986002 0.0006116
0.0022357 0.9986028 0.00061546
0.0022409 0.9986063 0.00061913
0.0022461 0.9986099 0.00062261
0.0022512 0.9986145 0.00062591
0.0022564 0.9986193 0.00062904
0.0022616 0.998625 0.00063203
0.0022668 0.9986314 0.00063488
0.0022721 0.9986391 0.0006376
0.0022773 0.9986474 0.0006402
0.0022826 0.9986577 0.00064269
0.0022878 0.9986696 0.00064509
0.0022931 0.9986839 0.00064742
0.0022984 0.9987015 0.00064968
0.0023037 0.998724 0.0006519
0.002309 0.9987532 0.00065408
0.0023143 0.9987954 0.00065623
0.0023196 0.9988912 0.00065837
0.002325 0.998826 0.00060637
0.0023304 0.9989895 0.00029428
0.0023357 0.9988933 0.00023113
0.0023411 0.9987593 0.00023299
0.0023465 0.9987056 0.00023491
0.0023519 0.9986636 0.00023688
0.0023573 0.9986293 0.0002389
0.0023628 0.9985988 0.00024097
0.0023682 0.9985723 0.00024309
0.0023737 0.9985475 0.00024526
0.0023791 0.9985254 0.00024749
0.0023846 0.9985038 0.00024977
0.0023901 0.9984844 0.00025208
0.0023956 0.9984651 0.00025442
0.0024012 0.9984475 0.00025678
0.0024067 0.9984299 0.00025916
0.0024122 0.9984137 0.00026154
0.0024178 0.9983971 0.00026393
0.0024234 0.998382 0.00026632
0.002429 0.9983664 0.0002687
0.0024346 0.998352 0.00027106
0.0024402 0.9983372 0.00027341
0.0024458 0.9983233 0.00027575
0.0024514 0.9983091 0.00027807
0.0024571 0.9982957 0.00028038
0.0024628 0.9982819 0.00028268
0.0024684 0.9982689 0.00028496
0.0024741 0.9982553 0.00028723
0.0024798 0.9982427 0.00028949
0.0024855 0.9982295 0.00029174
0.0024913 0.998217 0.00029398
0.002497 0.9982041 0.0002962
0.0025028 0.9981918 0.00029841
0.0025085 0.998179 0.0003006
0.0025143 0.9981669 0.00030278
0.0025201 0.9981542 0.00030496
0.0025259 0.9981422 0.00030714
0.0025318 0.9981296 0.00030931
0.0025376 0.9981177 0.00031147
0.0025434 0.9981053 0.00031363
0.0025493 0.9980933 0.00031578
0.0025552 0.9980809 0.00031792
0.0025611 0.9980691 0.00032006
0.002567 0.9980567 0.0003222
0.0025729 0.9980449 0.00032434
0.0025788 0.9980325 0.00032648
0.0025848 0.9980207 0.00032862
0.0025907 0.9980082 0.00033077
0.0025967 0.9979965 0.00033291
0.0026027 0.9979841 0.00033506
0.0026087 0.9979722 0.00033721
0.0026147 0.9979597 0.00033936
0.0026207 0.9979479 0.00034152
0.0026268 0.9979353 0.00034368
0.0026328 0.9979234 0.00034587
0.0026389 0.9979109 0.00034806
0.002645 0.9978989 0.00035027
0.0026511 0.9978862 0.00035249
0.0026572 0.9978743 0.00035471
0.0026633 0.9978616 0.00035694
0.0026694 0.9978494 0.0003592
0.0026756 0.9978366 0.00036148
0.0026818 0.9978245 0.00036378
0.002688 0.9978116 0.00036609
0.0026941 0.9977994 0.00036842
0.0027004 0.9977864 0.00037077
0.0027066 0.997774 0.00037314
0.0027128 0.997761 0.00037555
0.0027191 0.9977486 0.00037798
0.0027253 0.9977354 0.00038045
0.0027316 0.9977228 0.00038294
0.0027379 0.9977096 0.00038547
0.0027442 0.9976971 0.00038803
0.0027506 0.9976836 0.00039063
0.0027569 0.997671 0.00039326
0.0027633 0.9976575 0.00039593
0.0027696 0.9976447 0.00039862
0.002776 0.9976311 0.00040135
0.0027824 0.9976184 0.00040411
0.0027888 0.9976047 0.00040691
0.0027953 0.9975917 0.00040976
0.0028017 0.9975779 0.00041264
0.0028082 0.997565 0.00041555
0.0028146 0.997551 0.0004185
0.0028211 0.997538 0.00042148
0.0028276 0.997524 0.0004245
0.0028341 0.9975108 0.00042756
0.0028407 0.9974967 0.00043066
0.0028472 0.9974836 0.0004338
0.0028538 0.9974692 0.00043697
0.0028604 0.997456 0.00044019
0.002867 0.9974417 0.00044344
0.0028736 0.9974284 0.00044672
0.0028802 0.9974138 0.00045005
0.0028868 0.9974004 0.00045342
0.0028935 0.9973859 0.00045684
0.0029002 0.9973723 0.00046029
0.0029068 0.9973576 0.00046377
0.0029135 0.9973441 0.0004673
0.0029203 0.9973292 0.00047086
0.002927 0.9973156 0.00047447
0.0029337 0.9973007 0.00047813
0.0029405 0.997287 0.00048183
0.0029473 0.9972719 0.00048557
0.0029541 0.9972581 0.00048935
0.0029609 0.997243 0.00049316
0.0029677 0.997229 0.00049701
0.0029746 0.9972138 0.00050091
0.0029814 0.9971998 0.00050486
0.0029883 0.9971844 0.00050886
0.0029952 0.9971703 0.00051289
0.0030021 0.9971549 0.00051696
0.003009 0.9971406 0.00052107
0.0030159 0.9971251 0.00052523
0.0030229 0.9971109 0.00052944
0.0030299 0.9970952 0.00053369
0.0030368 0.9970808 0.000538
0.0030438 0.9970651 0.00054234
0.0030509 0.9970507 0.00054673
0.0030579 0.9970347 0.00055117
0.0030649 0.9970203 0.00055565
0.003072 0.9970043 0.00056018
0.0030791 0.9969896 0.00056476
0.0030862 0.9969735 0.0005694
0.0030933 0.9969589 0.00057408
0.0031004 0.9969428 0.00057882
0.0031076 0.9969279 0.00058359
0.0031147 0.9969117 0.00058841
0.0031219 0.996897 0.00059327
0.0031291 0.9968804 0.00059818
0.0031363 0.9968657 0.00060313
0.0031436 0.9968492 0.00060814
0.0031508 0.9968342 0.0006132
0.0031581 0.9968177 0.00061831
0.0031653 0.9968028 0.00062344
0.0031726 0.9967861 0.00062861
0.00318 0.9967712 0.00063378
0.0031873 0.9967545 0.00063897
0.0031946 0.9967395 0.00064421
0.003202 0.9967225 0.00064948
0.0032094 0.9967074 0.00065479
0.0032168 0.9966906 0.00066012
0.0032242 0.9966752 0.00066546
0.0032316 0.9966583 0.00067083
0.0032391 0.996643 0.00067623
0.0032465 0.9966257 0.00068167
0.003254 0.9966104 0.00068715
0.0032615 0.9965932 0.00069265
0.003269 0.9965777 0.00069817
0.0032766 0.9965603 0.0007037
0.0032841 0.9965447 0.00070926
0.0032917 0.9965273 0.00071486
0.0032993 0.9965114 0.0007205
0.0033069 0.9964939 0.00072618
0.0033145 0.9964782 0.00073187
0.0033222 0.9964603 0.00073759
0.0033298 0.9964445 0.00074333
0.0033375 0.9964267 0.0007491
0.0033452 0.9964107 0.00075493
0.0033529 0.9963926 0.00076079
0.0033606 0.9963765 0.00076667
0.0033684 0.9963585 0.00077257
0.0033761 0.996342 0.0007785
0.0033839 0.9963239 0.00078446
0.0033917 0.9963076 0.00079045
0.0033996 0.9962891 0.00079648
0.0034074 0.9962726 0.00080255
0.0034152 0.9962542 0.00080864
0.0034231 0.9962374 0.00081476
0.003431 0.9962188 0.00082091
0.0034389 0.9962021 0.0008271
0.0034468 0.9961834 0.00083332
0.0034548 0.9961663 0.00083957
0.0034628 0.9961475 0.00084587
0.0034707 0.9961305 0.00085221
0.0034787 0.9961113 0.00085858
0.0034868 0.9960942 0.00086499
0.0034948 0.996075 0.00087143
0.0035029 0.9960576 0.0008779
0.0035109 0.9960383 0.00088439
0.003519 0.9960209 0.00089092
0.0035271 0.9960014 0.00089749
0.0035353 0.9959836 0.0009041
0.0035434 0.995964 0.00091075
0.0035516 0.9959464 0.00091745
0.0035598 0.9959264 0.00092419
0.003568 0.9959086 0.00093095
0.0035762 0.9958887 0.00093776
0.0035844 0.9958705 0.00094459
0.0035927 0.9958504 0.00095147
0.003601 0.9958323 0.00095839
0.0036093 0.9958117 0.00096536
0.0036176 0.9957935 0.00097237
0.0036259 0.995773 0.00097944
0.0036343 0.9957547 0.00098654
0.0036427 0.9957338 0.00099366
0.0036511 0.9957153 0.0010008
0.0036595 0.9956944 0.001008
0.0036679 0.9956755 0.0010152
0.0036764 0.9956544 0.0010226
0.0036849 0.9956357 0.0010299
0.0036934 0.9956142 0.0010373
0.0037019 0.9955952 0.0010448
0.0037104 0.9955738 0.0010523
0.003719 0.9955546 0.0010598
0.0037275 0.9955327 0.0010674
0.0037361 0.9955134 0.0010751
0.0037447 0.9954917 0.0010828
0.0037534 0.9954719 0.0010905
0.003762 0.9954501 0.0010983
0.0037707 0.9954305 0.0011061
0.0037794 0.995408 0.001114
0.0037881 0.9953882 0.001122
0.0037968 0.9953659 0.00113
0.0038056 0.9953456 0.001138
0.0038144 0.995323 0.0011461
0.0038232 0.9953029 0.0011543
0.003832 0.9952801 0.0011625
0.0038408 0.9952595 0.0011708
0.0038497 0.9952366 0.0011792
0.0038585 0.9952162 0.0011876
0.0038674 0.9951927 0.001196
0.0038763 0.9951721 0.0012046
0.0038853 0.9951487 0.0012131
0.0038942 0.9951276 0.0012217
0.0039032 0.9951041 0.0012304
0.0039122 0.9950831 0.0012392
0.0039212 0.9950593 0.0012479
0.0039303 0.9950377 0.0012568
0.0039393 0.9950137 0.0012658
0.0039484 0.9949925 0.0012748
0.0039575 0.9949678 0.001284
0.0039666 0.9949464 0.0012932
0.0039758 0.994922 0.0013024
0.0039849 0.9949 0.0013117
0.0039941 0.9948754 0.0013211
0.0040033 0.9948537 0.0013305
0.0040126 0.9948284 0.00134
0.0040218 0.9948064 0.0013496
0.0040311 0.9947813 0.0013592
0.0040404 0.9947592 0.0013689
0.0040497 0.9947335 0.0013787
0.004059 0.9947112 0.0013886
0.0040684 0.9946856 0.0013985
0.0040778 0.9946627 0.0014086
0.0040872 0.994637 0.0014187
0.0040966 0.9946145 0.0014289
0.004106 0.9945881 0.0014392
0.0041155 0.9945653 0.0014495
0.004125 0.9945392 0.00146
0.0041345 0.9945158 0.0014705
0.004144 0.9944895 0.001481
0.0041536 0.9944664 0.0014916
0.0041631 0.9944394 0.0015024
0.0041727 0.9944161 0.0015131
0.0041824 0.9943892 0.001524
0.004192 0.9943657 0.001535
0.0042017 0.9943382 0.0015461
0.0042114 0.9943146 0.0015572
0.0042211 0.9942874 0.0015684
0.0042308 0.9942631 0.0015797
0.0042405 0.9942357 0.0015911
0.0042503 0.9942118 0.0016025
0.0042601 0.9941836 0.0016141
0.0042699 0.9941594 0.0016257
0.0042798 0.9941314 0.0016374
0.0042896 0.9941071 0.0016492
0.0042995 0.9940785 0.0016612
0.0043094 0.994054 0.0016731
0.0043194 0.9940257 0.0016852
0.0043293 0.9940005 0.0016973
0.0043393 0.993972 0.0017095
0.0043493 0.9939473 0.0017218
0.0043593 0.9939179 0.0017342
0.0043694 0.9938929 0.0017467
0.0043795 0.9938638 0.0017594
0.0043896 0.9938381 0.0017721
0.0043997 0.9938089 0.0017848
0.0044098 0.9937835 0.0017977
0.00442 0.993754 0.0018106
0.0044302 0.9937279 0.0018236
0.0044404 0.9936983 0.0018368
0.0044506 0.9936726 0.00185
0.0044609 0.9936421 0.0018633
0.0044712 0.9936162 0.0018768
0.0044815 0.993586 0.0018903
0.0044918 0.9935594 0.0019039
0.0045022 0.993529 0.0019176
0.0045125 0.9935027 0.0019315
0.0045229 0.9934721 0.0019453
0.0045334 0.9934451 0.0019593
0.0045438 0.9934143 0.0019734
0.0045543 0.9933877 0.0019876
0.0045648 0.993356 0.0020019
0.0045753 0.9933292 0.0020163
0.0045859 0.9932979 0.0020308
0.0045964 0.9932703 0.0020454
0.004607 0.9932388 0.00206
0.0046177 0.9932118 0.0020748
0.0046283 0.9931792 0.0020897
0.004639 0.9931519 0.0021047
0.0046497 0.9931197 0.0021199
0.0046604 0.9930923 0.0021351
0.0046711 0.9930593 0.0021505
0.0046819 0.9930316 0.0021659
0.0046927 0.9929991 0.0021814
0.0047035 0.9929706 0.002197
0.0047143 0.9929378 0.0022127
0.0047252 0.9929098 0.0022285
0.0047361 0.992876 0.0022445
0.004747 0.9928477 0.0022606
0.004758 0.9928143 0.0022768
0.0047689 0.992786 0.0022931
0.0047799 0.9927516 0.0023096
0.0047909 0.992723 0.0023261
0.004802 0.9926892 0.0023428
0.0048131 0.9926597 0.0023596
0.0048242 0.9926257 0.0023765
0.0048353 0.9925968 0.0023935
0.0048464 0.9925618 0.0024107
0.0048576 0.9925327 0.0024279
0.0048688 0.9924981 0.0024452
0.00488 0.992468 0.0024627
0.0048913 0.9924332 0.0024803
0.0049025 0.9924036 0.002498
0.0049138 0.9923684 0.0025159
0.0049252 0.992338 0.0025339
0.0049365 0.9923028 0.002552
0.0049479 0.992273 0.0025701
0.0049593 0.9922366 0.0025884
0.0049707 0.9922065 0.0026068
0.0049822 0.9921705 0.0026254
0.0049937 0.9921394 0.0026441
0.0050052 0.9921033 0.002663
0.0050167 0.9920727 0.002682
0.0050283 0.9920363 0.0027012
0.0050399 0.9920049 0.0027205
0.0050515 0.9919683 0.0027399
0.0050632 0.9919377 0.0027594
0.0050748 0.9918999 0.0027791
0.0050865 0.991869 0.0027989
0.0050983 0.9918318 0.0028187
0.00511 0.9917998 0.0028388
0.0051218 0.9917624 0.002859
0.0051336 0.9917312 0.0028793
0.0051454 0.9916926 0.0028998
0.0051573 0.9916611 0.0029203
0.0051692 0.991623 0.002941
0.0051811 0.9915913 0.0029619
0.005193 0.991552 0.002983
0.005205 0.9915202 0.0030042
0.005217 0.9914816 0.0030255
0.005229 0.9914486 0.003047
0.0052411 0.99141 0.0030686
0.0052532 0.9913779 0.0030903
0.0052653 0.9913378 0.0031122
0.0052774 0.9913054 0.0031343
0.0052896 0.9912659 0.0031565
0.0053018 0.9912333 0.0031788
0.005314 0.9911926 0.0032014
0.0053263 0.9911599 0.0032241
0.0053385 0.9911199 0.003247
0.0053508 0.991086 0.00327
0.0053632 0.9910461 0.0032932
0.0053755 0.9910131 0.0033165
0.0053879 0.9909719 0.0033399
0.0054003 0.9909386 0.0033634
0.0054128 0.9908978 0.0033871
0.0054253 0.9908631999999999 0.0034111
0.0054378 0.9908222 0.0034353
0.0054503 0.9907885 0.0034597
0.0054629 0.9907474000000001 0.0034842
0.0054755 0.9907125 0.0035087
0.0054881 0.9906713 0.0035334
0.0055007 0.9906375 0.0035583
0.0055134 0.9905946 0.0035834
0.0055261 0.9905605 0.0036086
0.0055389 0.9905184 0.003634
0.0055516 0.9904828999999999 0.0036597
0.0055644 0.9904407 0.0036855
0.0055773 0.9904062 0.0037115
0.0055901 0.9903637 0.0037376
0.005603 0.9903279 0.003764
0.0056159 0.9902853 0.0037904
0.0056289 0.9902507 0.0038171
0.0056419 0.9902065 0.0038439
0.0056549 0.9901716 0.003871
0.0056679 0.9901283 0.0038982
0.005681 0.990092 0.0039256
0.0056941 0.9900486 0.0039531
0.0057072 0.9900136 0.0039809
0.0057203 0.989969 0.0040088
0.0057335 0.989933 0.0040369
0.0057467 0.989889 0.0040652
0.00576 0.989854 0.0040936
0.0057733 0.989808 0.0041223
0.0057866 0.989772 0.0041512
0.0057999 0.989728 0.0041804
0.0058133 0.989691 0.0042097
0.0058267 0.989646 0.0042392
0.0058401 0.98961 0.0042688
0.0058536 0.989564 0.0042986
0.0058671 0.989528 0.0043286
0.0058806 0.989482 0.0043589
0.0058942 0.989446 0.0043895
0.0059077 0.9894 0.0044202
0.0059214 0.989363 0.0044511
0.005935 0.989318 0.0044822
0.0059487 0.98928 0.0045135
0.0059624 0.989234 0.004545
0.0059762 0.989198 0.0045766
0.0059899 0.989151 0.0046085
0.0060037 0.989114 0.0046406
0.0060176 0.989068 0.0046728
0.0060314 0.989031 0.0047052
0.0060454 0.988983 0.0047379
0.0060593 0.988947 0.0047708
0.0060733 0.9889 0.0048038
0.0060873 0.988862 0.0048371
0.0061013 0.988815 0.0048706
0.0061154 0.988779 0.0049042
0.0061295 0.98873 0.004938
0.0061436 0.988693 0.0049719
0.0061577 0.988646 0.0050061
0.0061719 0.988607 0.0050404
0.0061862 0.98856 0.005075
0.0062004 0.988523 0.0051098
0.0062147 0.988475 0.0051448
0.006229 0.988437 0.00518
0.0062434 0.988389 0.0052153
0.0062578 0.988352 0.0052507
0.0062722 0.988303 0.0052864
0.0062867 0.988265 0.0053222
0.0063012 0.988217 0.0053583
0.0063157 0.988178 0.0053947
0.0063303 0.98813 0.0054314
0.0063449 0.988092 0.0054682
0.0063595 0.988044 0.0055051
0.0063741 0.988005 0.005542
0.0063888 0.987957 0.0055791
0.0064036 0.987919 0.0056164
0.0064183 0.987869 0.0056539
0.0064331 0.987831 0.0056916
0.0064479 0.987782 0.0057296
0.0064628 0.987742 0.0057678
0.0064777 0.987694 0.0058062
0.0064926 0.987656 0.0058447
0.0065076 0.987605 0.0058833
0.0065226 0.987567 0.005922
0.0065376 0.987517 0.0059609
0.0065527 0.987479 0.0060001
0.0065678 0.987428 0.0060395
0.006583 0.98739 0.0060792
0.0065981 0.98734 0.006119
0.0066134 0.987299 0.0061591
0.0066286 0.98725 0.0061992
0.0066439 0.987212 0.0062395
0.0066592 0.987159 0.00628
0.0066745 0.987121 0.0063206
0.0066899 0.98707 0.0063615
0.0067054 0.987032 0.0064026
0.0067208 0.986979 0.006444
0.0067363 0.98694 0.0064855
0.0067518 0.986889 0.0065273
0.0067674 0.986848 0.0065693
0.006783 0.986796 0.0066117
0.0067986 0.986758 0.0066544
0.0068143 0.986704 0.0066973
0.00683 0.986665 0.0067404
0.0068458 0.986614 0.0067835
0.0068615 0.986573 0.0068268
0.0068774 0.986521 0.0068704
0.0068932 0.986482 0.0069142
0.0069091 0.98643 0.0069583
0.006925 0.986388 0.0070026
0.006941 0.986336 0.0070472
0.006957 0.986297 0.007092
0.006973 0.986243 0.007137
0.0069891 0.986203 0.0071822
0.0070052 0.986151 0.0072277
0.0070214 0.986109 0.0072735
0.0070376 0.986056 0.0073197
0.0070538 0.986017 0.0073663
0.00707 0.985964 0.0074129
0.0070863 0.985923 0.0074595
0.0071027 0.98587 0.0075061
0.007119 0.985831 0.007553
0.0071355 0.985775 0.0076004
0.0071519 0.985735 0.0076484
0.0071684 0.985682 0.0076966
0.0071849 0.98564 0.0077452
0.0072015 0.985587 0.0077939
0.0072181 0.985548 0.0078429
0.0072347 0.985493 0.007892
0.0072514 0.985453 0.0079414
0.0072681 0.9854 0.0079911
0.0072849 0.985361 0.0080411
0.0073017 0.985305 0.0080915
0.0073185 0.985266 0.008142
0.0073354 0.985213 0.0081928
0.0073523 0.985172 0.0082436
0.0073692 0.985119 0.0082947
0.0073862 0.985081 0.008346
0.0074032 0.985025 0.0083977
0.0074203 0.984986 0.0084496
0.0074374 0.984933 0.0085018
0.0074546 0.984896 0.008554
0.0074717 0.984841 0.0086064
0.007489 0.984803 0.0086588
0.0075062 0.98475 0.0087113
0.0075235 0.98471 0.008764
0.0075409 0.984658 0.0088169
0.0075583 0.984621 0.0088701
0.0075757 0.984566 0.0089235
0.0075931 0.984529 0.0089771
0.0076106 0.984477 0.0090305
0.0076282 0.984437 0.009084
0.0076458 0.984386 0.0091373
0.0076634 0.984349 0.0091907
0.0076811 0.984298 0.0092442
0.0076988 0.984258 0.0092978
0.0077165 0.984206 0.0093517
0.0077343 0.98417 0.0094058
0.0077521 0.984116 0.00946
0.00777 0.98408 0.0095141
0.0077879 0.98403 0.009568
0.0078059 0.98399 0.0096218
0.0078239 0.98394 0.0096755
0.0078419 0.983903 0.0097294
0.00786 0.983853 0.0097833
0.0078781 0.983814 0.009837
0.0078963 0.983765 0.0098903
0.0079145 0.983729 0.0099433
0.0079327 0.983676 0.0099962
0.007951 0.983639 0.010049
0.0079693 0.983589 0.010103
0.0079877 0.983549 0.010156
0.0080061 0.9835 0.010208
0.0080246 0.983463 0.01026
0.0080431 0.98341 0.010312
0.0080616 0.983372 0.010364
0.0080802 0.983321 0.010417
0.0080988 0.983284 0.010469
0.0081175 0.983231 0.01052
0.0081362 0.983192 0.010571
0.008155 0.983142 0.010622
0.0081738 0.983099 0.010672
0.0081926 0.983049 0.010722
0.0082115 0.983008 0.010772
0.0082304 0.982953 0.010821
0.0082494 0.982911 0.010871
0.0082684 0.982857 0.01092
0.0082875 0.982814 0.010969
0.0083066 0.982755 0.011018
0.0083257 0.98271 0.011067
0.0083449 0.982653 0.011117
0.0083641 0.982603 0.011167
0.0083834 0.982544 0.011217
0.0084028 0.982496 0.011268
0.0084221 0.982433 0.01132
0.0084415 0.982384 0.011373
0.008461 0.9823230000000001 0.011425
0.0084805 0.98227 0.011479
0.0085001 0.982209 0.011533
0.0085196 0.982159 0.011587
0.0085393 0.982096 0.011641
0.008559 0.982042 0.011696
0.0085787 0.981979 0.011751
0.0085985 0.981928 0.011807
0.0086183 0.98186 0.011864
0.0086382 0.981809 0.011921
0.0086581 0.981743 0.011978
0.008678 0.981688 0.012036
0.008698 0.981622 0.012094
0.0087181 0.981569 0.012153
0.0087382 0.981502 0.012212
0.0087583 0.981446 0.012272
0.0087785 0.981379 0.012333
0.0087988 0.981327 0.012393
0.008819 0.981256 0.012454
0.0088394 0.981203 0.012516
0.0088598 0.981133 0.012578
0.0088802 0.981076 0.012641
0.0089006 0.981007 0.012705
0.0089212 0.980954 0.012769
0.0089417 0.98088 0.012834
0.0089623 0.980827 0.012899
0.008983 0.980756 0.012965
0.0090037 0.980703 0.013031
0.0090245 0.980628 0.013098
0.0090453 0.9805740000000001 0.013165
0.0090661 0.980503 0.013233
0.009087 0.980445 0.013301
0.009108 0.980374 0.01337
0.009129 0.980321 0.013439
0.00915 0.980244 0.013509
0.0091711 0.98019 0.01358
0.0091922 0.980117 0.013651
0.0092134 0.980064 0.013724
0.0092347 0.979987 0.013796
0.009256 0.979934 0.013869
0.0092773 0.979862 0.013943
0.0092987 0.979804 0.014017
0.0093201 0.979732 0.014091
0.0093416 0.979679 0.014166
0.0093631 0.9796009999999999 0.014242
0.0093847 0.979548 0.014318
0.0094064 0.979475 0.014396
0.009428 0.979418 0.014474
0.0094498 0.979346 0.014552
0.0094716 0.979293 0.01463
0.0094934 0.979219 0.014709
0.0095153 0.979163 0.014789
0.0095372 0.979089 0.01487
0.0095592 0.979039 0.014951
0.0095812 0.978961 0.015033
0.0096033 0.978911 0.015116
0.0096255 0.978838 0.015198
0.0096477 0.978783 0.015281
0.0096699 0.97871 0.015365
0.0096922 0.97866 0.01545
0.0097145 0.978588 0.015536
0.0097369 0.978534 0.015621
0.0097594 0.978463 0.015707
0.0097819 0.978416 0.015794
0.0098044 0.97834 0.015881
0.009827 0.978292 0.015968
0.0098497 0.978222 0.016057
0.0098724 0.97817 0.016145
0.0098951 0.978101 0.016233
0.0099179 0.978055 0.016322
0.0099408 0.97798 0.016412
0.0099637 0.977934 0.016502
0.0099867 0.977864 0.016593
0.01001 0.97782 0.016684
0.010033 0.977747 0.016776
0.010056 0.977703 0.016868
0.010079 0.977636 0.01696
0.010102 0.977588 0.017053
0.010126 0.977522 0.017146
0.010149 0.977481 0.017239
0.010172 0.97741 0.017333
0.010196 0.977369 0.017427
0.010219 0.977304 0.017521
0.010243 0.977264 0.017615
0.010266 0.977195 0.017709
0.01029 0.977156 0.017804
0.010314 0.977092 0.017899
0.010338 0.977048 0.017995
0.010361 0.976987 0.018092
0.010385 0.976951 0.018188
0.010409 0.976886 0.018284
0.010433 0.97685 0.01838
0.010457 0.97679 0.018476
0.010481 0.97675 0.018572
0.010506 0.976692 0.018668
0.01053 0.976657 0.018764
0.010554 0.9766 0.01886
0.010578 0.976561 0.018956
0.010603 0.976505 0.019053
0.010627 0.976473 0.019149
0.010652 0.976412 0.019246
0.010676 0.9763809999999999 0.019343
0.010701 0.976328 0.019439
0.010726 0.976292 0.019535
0.01075 0.97624 0.019631
0.010775 0.976209 0.019726
0.0108 0.976157 0.019821
0.010825 0.976122 0.019916
0.01085 0.976071 0.020012
0.010875 0.976043 0.020107
0.0109 0.975988 0.020203
0.010925 0.97596 0.020298
0.01095 0.975911 0.020392
0.010975 0.975877 0.020486
0.011001 0.975829 0.02058
0.011026 0.975802 0.020674
0.011052 0.975748 0.020768
0.011077 0.97572 0.020863
0.011103 0.975672 0.020957
0.011128 0.975646 0.021051
0.011154 0.975592 0.021145
0.011179 0.975565 0.02124
0.011205 0.975518 0.021335
0.011231 0.975486 0.021431
0.011257 0.97544 0.021527
0.011283 0.975417 0.021624
0.011309 0.975365 0.021722
0.011335 0.975342 0.021819
0.011361 0.975297 0.021918
0.011387 0.975277 0.022017
0.011414 0.975228 0.022116
0.01144 0.97521 0.022216
0.011466 0.975168 0.022317
0.011493 0.975146 0.02242
0.011519 0.975108 0.022524
0.011546 0.975098 0.022629
0.011572 0.975058 0.022735
0.011599 0.975053 0.022841
0.011626 0.975023 0.022947
0.011653 0.975023 0.023055
0.011679 0.974991 0.023164
0.011706 0.974998 0.023275
0.011733 0.974983 0.023386
0.01176 0.974992 0.023498
0.011787 0.974987 0.02361
0.011815 0.975015 0.023723
0.011842 0.975013 0.023837
0.011869 0.975054 0.023953
0.011897 0.975075 0.024069
0.011924 0.975126 0.024186
0.011951 0.975167 0.024304
0.011979 0.97525 0.024423
0.012007 0.975318 0.024543
0.012034 0.975429 0.024665
0.012062 0.975542 0.024787
0.01209 0.975717 0.02491
0.012118 0.975891 0.025034
0.012146 0.97616 0.025159
0.012174 0.976479 0.025284
0.012202 0.976957 0.02541
0.01223 0.978006 0.025537
0.012258 0.977964 0.025035
0.012286 0.980171 0.022917
0.012315 0.979866 0.020978
0.012343 0.977502 0.020231
0.012371 0.976502 0.020345
0.0124 0.975818 0.020463
0.012752 0.9698599999999999 0.023685
0.013498 0.967015 0.026869
0.014288 0.964214 0.030252
0.015124 0.961292 0.033946
0.016009 0.958238 0.03813
0.016946 0.955252 0.042943
0.017938 0.952727 0.048335
0.018988 0.9512929999999999 0.053552
0.020099 0.9499299999999999 0.056776
0.021276 0.945481 0.058709
0.022521 0.938119 0.063253
0.023839 0.930869 0.070603
0.025234 0.924368 0.079329
0.026711 0.918215 0.08876
0.028274 0.9121 0.098785
0.029929 0.905809 0.10934
0.031681 0.89905 0.12032
0.033535 0.89155 0.13173
0.035497 0.88464 0.14233
0.037575 0.86539 0.15184
0.039774 0.84789 0.17418
0.042102 0.83157 0.19514
0.044566 0.80664 0.22125
0.047174 0.78156 0.26331
0.049935 0.76534 0.3108
0.052858 0.7476700000000001 0.35661
0.055951 0.70654 0.41216
0.059226 0.649 0.53433
0.062692 0.6893400000000001 0.74169
0.066361 0.84867 0.86302
0.070245 0.987969 0.90238
0.074357 1.10514 0.91448
0.078708 1.20424 0.91291
0.083315 1.30363 0.90101
0.088191 1.32202 0.86553
0.093353 1.40842 0.94436
0.098816 1.51886 0.94872
0.1046 1.6833399999999998 0.92842
0.11072 1.77413 0.78949
0.1172 1.80402 0.76593
0.12406 1.89187 0.68326
0.13132 1.87298 0.64579
0.13901 1.88052 0.60486
0.14714 2.2061 0.69585
0.15576 2.1957 0.29083
0.16487 2.0725 0.19697
0.17452 2.0225 0.14208
0.18473 1.96799 0.088878
0.19555 1.91419 0.056812
0.20699 1.8692 0.038695
0.21911 1.8305799999999999 0.028395
0.23193 1.79934 0.026318
0.2455 1.7762 0.027159
0.25987 1.76004 0.028312
0.27508 1.74683 0.028137
0.29118 1.7356099999999999 0.02829
0.30822 1.72652 0.028559
0.32626 1.71901 0.028696
0.34536 1.71268 0.028778
0.36557 1.7073399999999999 0.028876
0.38696 1.7028699999999999 0.028987
0.40961 1.69913 0.029072
0.43358 1.69597 0.02912
0.45896 1.6933099999999999 0.029166
0.48582 1.69106 0.029221
0.51426 1.68919 0.029283
0.54435 1.68764 0.02935
0.57621 1.6863700000000001 0.029418
0.60994 1.68533 0.029488
0.64563 1.6844999999999999 0.029561
0.68342 1.68383 0.029638
0.72342 1.6833200000000001 0.029723
0.76576 1.68293 0.029817
0.81058 1.68265 0.029916
0.85802 1.6824599999999998 0.030016
0.90823 1.6823299999999999 0.03012
0.96139 1.6822599999999999 0.030225
1.0177 1.6822300000000001 0.030321
1.0772 1.6821899999999999 0.030409
1.1403 1.68214 0.030506
1.207 1.68205 0.030634
1.2776 1.68191 0.03081
1.3524 1.68177 0.031036
1.4316 1.6816 0.031292
1.5154 1.6813799999999999 0.031553
1.604 1.68109 0.031812
1.6979 1.68067 0.032095
1.7973 1.6801300000000001 0.03242
1.9025 1.67946 0.032789
2.0138 1.67863 0.033205
2.1317 1.6776499999999999 0.033666
2.2564 1.67648 0.034153
2.3885 1.67506 0.034663
2.5283 1.67337 0.035209
2.6763 1.67134 0.035807
2.8329 1.66894 0.036474
2.9987 1.66615 0.037227
3.1742 1.66292 0.038071
3.36 1.65923 0.038953
3.5566 1.65499 0.0398
3.7648 1.65004 0.040528
3.9851 1.64413 0.041046
4.2184 1.6368200000000002 0.04133
4.4653 1.62765 0.041667
4.7266 1.6163699999999999 0.042441
5.0032 1.60283 0.044077
5.296 1.58741 0.046755
5.606 1.5701399999999999 0.04944
5.9341 1.54942 0.050569
6.2814 1.52067 0.049272
6.649 1.47806 0.049665
7.0382 1.4177 0.058529
7.4501 1.3373599999999999 0.08656
7.8861 1.23764 0.14951
8.3477 1.13101 0.27404
8.8362 1.064037 0.48676
9.3534 1.13579 0.75978
9.9008 1.33962 0.91104
10.48 1.52568 0.98494
11.094 1.7321499999999999 0.99734
11.743 1.9124400000000001 0.92028
12.43 2.0275 0.78904
13.158 2.0608 0.61931
13.928 1.96126 0.48151
14.743 1.81928 0.47425
15.606 1.7195 0.54251
16.519 1.6606100000000001 0.65127
17.486 1.65126 0.78666
18.509 1.70111 0.92457
19.593 1.8009300000000001 1.0294
20.739 1.91402 1.0917
21.953 2.0255 1.1234
23.238 2.1269 1.1326
24.598 2.2141 1.1295
26.038 2.2894 1.124
27.562 2.3599 1.1188
29.175 2.4284 1.1126
30.882 2.4957000000000003 1.1041
32.69 2.5615 1.0926
34.603 2.6256 1.0782
36.628 2.6881 1.0609
38.772 2.7485 1.0407
41.041 2.8068 1.0177
43.443 2.8628 0.992
45.985 2.9161 0.96371
48.677 2.9665999999999997 0.93302
51.526 3.0138 0.90013
54.541 3.0575 0.86546
57.733 3.0974 0.82956
61.112 3.1335 0.79296
64.689 3.1661 0.75611
68.475 3.1951 0.71944
72.482 3.2208 0.68331
76.725 3.2435 0.64799
81.215 3.2635 0.61369
85.968 3.2809 0.5806
91.0 3.2961 0.54884
96.326 3.3093 0.51852
101.96 3.3207 0.48972
107.93 3.3306 0.46243
114.25 3.3393 0.43661
120.93 3.3469 0.41218
128.01 3.3536 0.38908
135.5 3.3594 0.36726
143.43 3.3646 0.34666
151.83 3.369 0.32721
160.72 3.373 0.30885
170.12 3.3764 0.29154
180.08 3.3795 0.27521
190.62 3.3822 0.25982
201.77 3.3845 0.2453
213.58 3.3866 0.23161
226.08 3.3885 0.2187
239.32 3.3901 0.20652
253.32 3.3916 0.19503
268.15 3.3929 0.18419
283.84 3.3941 0.17395
300.45 3.3951 0.16428
318.04 3.396 0.15516
336.65 3.3968 0.14654
356.35 3.3976 0.1384
377.21 3.3982 0.13071
399.29 3.3988 0.12345
422.66 3.3993 0.1166
447.39 3.3997 0.11013
473.58 3.4001 0.10402
501.29 3.4005 0.098256
530.63 3.4008 0.092811
561.69 3.4011 0.087669
594.56 3.4014 0.082814
629.36 3.4016 0.078229
666.2 3.4018 0.073899
705.19 3.402 0.069808
746.46 3.4021 0.065944
790.15 3.4023 0.062295
836.39 3.4024 0.058847
885.34 3.4025 0.05559
937.16 3.4026 0.052514
992.01 3.4027 0.049608
1050.1 3.4028 0.046862
1111.5 3.4029 0.044269
1176.6 3.403 0.04182
1245.4 3.403 0.039508
1318.3 3.4031 0.037324
1395.5 3.4031 0.035262
1477.2 3.4032 0.033314
1563.6 3.4032 0.031474
1655.1 3.4032 0.029735
1752.0 3.4033 0.028092
1854.5 3.4033 0.02654
1963.1 3.4033 0.025073
2078.0 3.4033 0.023687
2199.6 3.4034 0.022378
2328.3 3.4034 0.021141
2464.6 3.4034 0.019972
2608.8 3.4034 0.018868
2761.5 3.4034 0.017825
2923.1 3.4034 0.016839
3094.2 3.4034 0.015908
3275.3 3.4035 0.015028
3467.0 3.4035 0.014197
3669.9 3.4035 0.013412
3884.7 3.4035 0.01267
4112.0 3.4035 0.01197
4352.7 3.4035 0.011308
4607.5 3.4035 0.010682
4877.1 3.4035 0.010092
5162.6 3.4035 0.0095337
5464.7 3.4035 0.0090066
5784.5 3.4035 0.0085086
6123.1 3.4035 0.0080382
6481.5 3.4035 0.0075938
6860.8 3.4035 0.007174
7262.3 3.4035 0.0067774
7687.4 3.4035 0.0064027
8137.3 3.4035 0.0060488
8613.5 3.4035 0.0057144
9117.7 3.4035 0.0053985
